1 2
1 3
1 4
2 1
2 3
2 4
2 5
2 6
3 1
3 2
3 4
3 5
3 6
4 1
4 2
4 3
4 5
5 2
5 3
5 4
6 2
6 3
6 7
6 8
6 9
6 25
6 26
7 6
7 8
7 14
7 15
7 16
7 22
8 6
8 7
8 14
8 20
8 22
9 6
9 12
9 13
9 14
9 15
10 11
10 12
10 15
11 10
11 13
11 14
11 15
12 9
12 10
12 13
12 15
13 9
13 11
13 12
13 14
13 15
14 7
14 8
14 9
14 11
14 13
14 15
15 7
15 9
15 10
15 11
15 12
15 13
15 14
16 7
16 17
16 18
16 19
16 21
17 16
17 18
17 20
17 21
18 16
18 17
18 19
18 20
18 21
19 16
19 18
19 20
19 21
20 8
20 17
20 18
20 19
20 21
21 16
21 17
21 18
21 19
21 20
22 7
22 8
22 23
22 24
22 25
22 26
23 22
23 24
23 25
23 26
24 22
24 23
24 25
24 26
25 6
25 22
25 23
25 24
25 26
26 6
26 22
26 23
26 24
26 25
