1 1
2 1
3 1
5 1
8 1
9 1
12 1
13 1
15 1
17 1
20 1
21 1
24 1
25 1
27 1
28 1
30 1
33 1
36 1
39 1
40 1
42 1
45 1
46 1
47 1
49 1
50 1
51 1
52 1
53 1
55 1
57 1
58 1
61 1
62 1
63 1
67 1
68 1
70 1
72 1
74 1
75 1
77 1
78 1
79 1
80 1
81 1
82 1
84 1
85 1
88 1
90 1
91 1
93 1
96 1
99 1
100 1
101 1
102 1
105 1
106 1
107 1
108 1
110 1
111 1
113 1
117 1
118 1
119 1
123 1
125 1
126 1
129 1
130 1
135 1
138 1
142 1
143 1
144 1
145 1
146 1
147 1
148 1
150 1
151 1
152 1
153 1
154 1
156 1
158 1
159 1
160 1
161 1
162 1
163 1
165 1
167 1
168 1
169 1
170 1
171 1
172 1
173 1
174 1
175 1
176 1
178 1
179 1
180 1
181 1
182 1
183 1
184 1
185 1
188 1
189 1
190 1
191 1
192 1
194 1
195 1
196 1
197 1
198 1
199 1
202 1
203 1
204 1
205 1
206 1
208 1
209 1
210 1
213 1
214 1
215 1
216 1
220 1
221 1
222 1
227 1
228 1
230 1
233 1
234 1
235 1
237 1
239 1
240 1
242 1
244 1
246 1
249 1
252 1
254 1
255 1
257 1
258 1
259 1
260 1
262 1
264 1
266 1
267 1
268 1
269 1
271 1
272 1
273 1
274 1
276 1
277 1
278 1
279 1
280 1
281 1
282 1
283 1
285 1
287 1
288 1
289 1
291 1
294 1
3 2
7 2
8 2
9 2
12 2
14 2
15 2
17 2
20 2
21 2
25 2
27 2
28 2
33 2
36 2
39 2
40 2
42 2
44 2
46 2
47 2
49 2
50 2
55 2
56 2
57 2
58 2
62 2
67 2
68 2
70 2
72 2
77 2
78 2
79 2
80 2
88 2
90 2
91 2
92 2
93 2
96 2
100 2
102 2
103 2
105 2
106 2
107 2
108 2
110 2
113 2
116 2
117 2
118 2
125 2
129 2
130 2
135 2
138 2
142 2
144 2
147 2
148 2
149 2
150 2
151 2
156 2
161 2
162 2
163 2
165 2
166 2
167 2
168 2
169 2
170 2
171 2
173 2
178 2
180 2
181 2
182 2
185 2
188 2
190 2
191 2
194 2
195 2
197 2
198 2
204 2
206 2
208 2
209 2
210 2
214 2
216 2
221 2
224 2
227 2
230 2
234 2
235 2
240 2
241 2
242 2
243 2
244 2
252 2
254 2
256 2
262 2
267 2
268 2
271 2
272 2
273 2
274 2
275 2
276 2
279 2
280 2
281 2
282 2
284 2
285 2
288 2
291 2
294 2
5 3
7 3
8 3
9 3
11 3
12 3
17 3
21 3
23 3
33 3
36 3
39 3
40 3
42 3
46 3
49 3
54 3
58 3
62 3
78 3
87 3
88 3
91 3
93 3
100 3
107 3
108 3
109 3
113 3
116 3
117 3
121 3
129 3
130 3
134 3
135 3
138 3
142 3
144 3
147 3
148 3
150 3
151 3
155 3
161 3
162 3
163 3
166 3
169 3
170 3
171 3
178 3
181 3
182 3
183 3
188 3
190 3
194 3
197 3
198 3
199 3
206 3
216 3
220 3
227 3
234 3
240 3
242 3
243 3
249 3
252 3
253 3
257 3
259 3
260 3
262 3
267 3
268 3
271 3
272 3
273 3
275 3
276 3
279 3
280 3
281 3
284 3
285 3
288 3
291 3
294 3
7 4
9 4
12 4
17 4
21 4
22 4
25 4
33 4
35 4
46 4
49 4
53 4
61 4
62 4
70 4
85 4
90 4
100 4
116 4
117 4
121 4
126 4
129 4
130 4
131 4
148 4
150 4
151 4
155 4
159 4
162 4
163 4
171 4
174 4
181 4
190 4
194 4
206 4
216 4
219 4
227 4
243 4
244 4
259 4
263 4
267 4
268 4
271 4
273 4
278 4
279 4
285 4
288 4
291 4
1 5
3 5
5 5
7 5
8 5
9 5
12 5
13 5
14 5
15 5
17 5
20 5
21 5
24 5
25 5
27 5
28 5
30 5
33 5
36 5
39 5
40 5
42 5
44 5
45 5
46 5
47 5
49 5
50 5
51 5
52 5
53 5
54 5
55 5
56 5
57 5
58 5
61 5
62 5
63 5
67 5
68 5
70 5
72 5
74 5
75 5
77 5
78 5
79 5
80 5
82 5
85 5
88 5
89 5
90 5
91 5
92 5
93 5
94 5
96 5
99 5
100 5
101 5
102 5
103 5
105 5
106 5
107 5
108 5
110 5
111 5
113 5
116 5
117 5
118 5
119 5
121 5
123 5
125 5
126 5
129 5
130 5
135 5
138 5
142 5
143 5
144 5
145 5
146 5
147 5
148 5
150 5
152 5
153 5
154 5
156 5
158 5
159 5
160 5
161 5
162 5
163 5
164 5
165 5
166 5
167 5
168 5
169 5
170 5
172 5
173 5
174 5
175 5
176 5
178 5
179 5
180 5
181 5
182 5
183 5
184 5
185 5
188 5
189 5
192 5
194 5
195 5
196 5
197 5
199 5
201 5
202 5
203 5
204 5
205 5
206 5
208 5
209 5
210 5
212 5
213 5
214 5
215 5
216 5
218 5
220 5
221 5
222 5
224 5
227 5
228 5
230 5
232 5
233 5
235 5
237 5
239 5
240 5
241 5
242 5
243 5
244 5
246 5
249 5
252 5
254 5
255 5
257 5
258 5
259 5
260 5
262 5
263 5
264 5
266 5
267 5
268 5
269 5
271 5
272 5
273 5
274 5
275 5
276 5
277 5
278 5
279 5
280 5
281 5
282 5
283 5
285 5
287 5
288 5
289 5
291 5
293 5
294 5
1 6
3 6
5 6
7 6
9 6
12 6
13 6
14 6
15 6
17 6
20 6
21 6
24 6
25 6
27 6
28 6
30 6
33 6
36 6
39 6
40 6
42 6
44 6
45 6
46 6
47 6
49 6
50 6
52 6
53 6
54 6
55 6
56 6
58 6
61 6
62 6
63 6
68 6
70 6
72 6
74 6
75 6
77 6
78 6
79 6
80 6
81 6
82 6
85 6
88 6
90 6
91 6
92 6
93 6
94 6
96 6
97 6
99 6
100 6
102 6
103 6
105 6
106 6
107 6
108 6
113 6
116 6
117 6
118 6
119 6
121 6
122 6
123 6
125 6
126 6
129 6
130 6
135 6
138 6
142 6
143 6
144 6
145 6
146 6
147 6
148 6
151 6
152 6
153 6
154 6
156 6
159 6
160 6
161 6
162 6
163 6
165 6
167 6
168 6
170 6
171 6
172 6
173 6
174 6
175 6
176 6
178 6
179 6
180 6
181 6
182 6
184 6
185 6
188 6
189 6
190 6
191 6
192 6
194 6
196 6
197 6
198 6
199 6
201 6
202 6
204 6
205 6
208 6
210 6
213 6
214 6
215 6
216 6
220 6
221 6
227 6
228 6
230 6
233 6
234 6
235 6
237 6
239 6
240 6
242 6
243 6
244 6
246 6
249 6
252 6
254 6
255 6
257 6
258 6
259 6
260 6
262 6
263 6
264 6
266 6
267 6
268 6
269 6
271 6
272 6
273 6
274 6
275 6
276 6
277 6
278 6
279 6
280 6
281 6
282 6
283 6
285 6
287 6
288 6
289 6
291 6
294 6
1 7
3 7
6 7
7 7
8 7
9 7
12 7
13 7
14 7
15 7
17 7
20 7
21 7
24 7
25 7
26 7
27 7
28 7
30 7
39 7
40 7
42 7
44 7
45 7
47 7
48 7
50 7
52 7
53 7
54 7
55 7
56 7
57 7
58 7
61 7
62 7
63 7
67 7
68 7
70 7
72 7
74 7
75 7
77 7
78 7
79 7
80 7
81 7
82 7
85 7
88 7
90 7
91 7
92 7
93 7
94 7
96 7
99 7
100 7
101 7
102 7
103 7
105 7
106 7
107 7
108 7
110 7
113 7
117 7
118 7
119 7
121 7
123 7
125 7
126 7
129 7
130 7
135 7
138 7
142 7
143 7
144 7
145 7
146 7
147 7
148 7
150 7
151 7
152 7
153 7
154 7
158 7
159 7
160 7
161 7
162 7
165 7
167 7
168 7
169 7
170 7
171 7
173 7
174 7
175 7
176 7
178 7
179 7
180 7
181 7
182 7
183 7
184 7
185 7
188 7
189 7
190 7
191 7
192 7
194 7
195 7
196 7
197 7
198 7
199 7
201 7
202 7
203 7
204 7
205 7
206 7
208 7
209 7
210 7
213 7
214 7
215 7
216 7
217 7
220 7
221 7
222 7
227 7
228 7
230 7
232 7
233 7
234 7
235 7
237 7
239 7
240 7
242 7
243 7
244 7
246 7
249 7
252 7
254 7
255 7
257 7
259 7
260 7
262 7
263 7
264 7
266 7
267 7
268 7
269 7
271 7
272 7
273 7
274 7
275 7
276 7
277 7
278 7
279 7
280 7
281 7
282 7
283 7
285 7
287 7
288 7
291 7
294 7
1 8
2 8
3 8
4 8
5 8
6 8
7 8
8 8
9 8
10 8
11 8
12 8
13 8
14 8
15 8
16 8
17 8
18 8
19 8
20 8
21 8
22 8
23 8
24 8
25 8
27 8
28 8
29 8
30 8
31 8
32 8
33 8
34 8
35 8
36 8
37 8
38 8
39 8
40 8
41 8
42 8
43 8
44 8
45 8
46 8
47 8
48 8
49 8
50 8
51 8
52 8
53 8
55 8
56 8
57 8
58 8
59 8
60 8
61 8
62 8
63 8
65 8
66 8
68 8
69 8
71 8
72 8
73 8
74 8
75 8
76 8
77 8
78 8
79 8
80 8
81 8
82 8
83 8
84 8
85 8
86 8
87 8
88 8
89 8
90 8
91 8
92 8
93 8
94 8
95 8
96 8
97 8
98 8
99 8
100 8
101 8
102 8
104 8
105 8
106 8
108 8
109 8
110 8
111 8
112 8
113 8
114 8
115 8
116 8
118 8
119 8
121 8
122 8
123 8
124 8
125 8
126 8
127 8
128 8
129 8
131 8
132 8
133 8
134 8
135 8
136 8
137 8
138 8
139 8
140 8
141 8
142 8
143 8
144 8
145 8
146 8
147 8
148 8
149 8
150 8
151 8
152 8
153 8
154 8
155 8
156 8
157 8
158 8
159 8
160 8
161 8
162 8
163 8
164 8
165 8
166 8
167 8
169 8
170 8
171 8
173 8
174 8
175 8
176 8
177 8
178 8
180 8
181 8
182 8
183 8
184 8
185 8
186 8
187 8
188 8
189 8
190 8
191 8
192 8
193 8
194 8
195 8
196 8
197 8
198 8
199 8
200 8
201 8
202 8
203 8
204 8
205 8
207 8
208 8
209 8
210 8
211 8
213 8
214 8
215 8
216 8
217 8
218 8
220 8
221 8
222 8
223 8
224 8
225 8
226 8
230 8
231 8
232 8
233 8
234 8
235 8
236 8
237 8
238 8
239 8
240 8
241 8
242 8
243 8
244 8
245 8
246 8
247 8
248 8
249 8
250 8
251 8
252 8
253 8
254 8
255 8
256 8
257 8
258 8
259 8
260 8
261 8
263 8
264 8
265 8
266 8
267 8
268 8
269 8
270 8
271 8
272 8
273 8
274 8
275 8
276 8
278 8
279 8
280 8
281 8
282 8
283 8
284 8
285 8
286 8
287 8
288 8
289 8
290 8
291 8
292 8
293 8
294 8
295 8
1 9
2 9
3 9
4 9
5 9
6 9
7 9
8 9
9 9
10 9
11 9
12 9
14 9
16 9
17 9
18 9
19 9
20 9
21 9
22 9
23 9
25 9
26 9
27 9
28 9
29 9
30 9
31 9
32 9
33 9
34 9
35 9
36 9
37 9
38 9
39 9
40 9
41 9
42 9
44 9
45 9
46 9
47 9
48 9
49 9
50 9
51 9
52 9
53 9
54 9
56 9
57 9
58 9
59 9
60 9
61 9
62 9
63 9
65 9
66 9
68 9
69 9
71 9
72 9
73 9
74 9
75 9
76 9
77 9
78 9
79 9
80 9
81 9
82 9
83 9
84 9
85 9
86 9
87 9
88 9
89 9
90 9
91 9
92 9
94 9
95 9
96 9
97 9
98 9
100 9
101 9
102 9
103 9
104 9
105 9
106 9
107 9
109 9
110 9
111 9
112 9
113 9
114 9
115 9
116 9
118 9
119 9
120 9
121 9
122 9
123 9
124 9
125 9
126 9
127 9
128 9
129 9
130 9
131 9
132 9
133 9
134 9
135 9
136 9
138 9
139 9
140 9
141 9
142 9
143 9
144 9
145 9
146 9
147 9
148 9
149 9
150 9
151 9
152 9
153 9
154 9
157 9
158 9
159 9
160 9
161 9
162 9
163 9
164 9
165 9
169 9
170 9
171 9
173 9
174 9
175 9
177 9
178 9
179 9
180 9
181 9
182 9
184 9
186 9
187 9
188 9
189 9
190 9
191 9
192 9
193 9
194 9
195 9
196 9
197 9
198 9
200 9
201 9
202 9
203 9
204 9
205 9
206 9
208 9
209 9
210 9
211 9
212 9
213 9
214 9
215 9
216 9
217 9
218 9
219 9
220 9
221 9
222 9
223 9
224 9
226 9
227 9
228 9
229 9
230 9
231 9
232 9
233 9
234 9
235 9
236 9
237 9
238 9
239 9
241 9
242 9
243 9
244 9
245 9
246 9
248 9
249 9
250 9
251 9
252 9
253 9
254 9
255 9
256 9
257 9
258 9
259 9
260 9
261 9
262 9
263 9
264 9
265 9
266 9
267 9
268 9
269 9
271 9
272 9
273 9
274 9
275 9
276 9
277 9
278 9
279 9
280 9
281 9
282 9
283 9
284 9
286 9
288 9
289 9
290 9
291 9
293 9
294 9
295 9
7 10
8 10
9 10
11 10
12 10
14 10
15 10
17 10
20 10
21 10
25 10
27 10
28 10
30 10
33 10
36 10
39 10
40 10
42 10
44 10
46 10
47 10
48 10
54 10
56 10
57 10
58 10
65 10
66 10
67 10
68 10
70 10
77 10
78 10
79 10
80 10
86 10
88 10
90 10
91 10
92 10
93 10
96 10
100 10
102 10
103 10
105 10
106 10
107 10
108 10
109 10
110 10
113 10
116 10
117 10
118 10
121 10
125 10
129 10
130 10
131 10
135 10
138 10
142 10
144 10
147 10
148 10
151 10
161 10
162 10
163 10
165 10
167 10
168 10
170 10
171 10
178 10
180 10
181 10
182 10
185 10
188 10
190 10
191 10
194 10
195 10
197 10
198 10
199 10
201 10
204 10
205 10
206 10
208 10
209 10
210 10
214 10
216 10
221 10
227 10
230 10
234 10
235 10
236 10
240 10
242 10
243 10
244 10
252 10
253 10
254 10
257 10
260 10
262 10
265 10
267 10
268 10
271 10
272 10
274 10
275 10
276 10
279 10
280 10
281 10
285 10
288 10
291 10
294 10
7 11
8 11
9 11
12 11
17 11
18 11
21 11
33 11
36 11
46 11
49 11
52 11
62 11
70 11
81 11
107 11
113 11
116 11
117 11
121 11
122 11
129 11
130 11
143 11
148 11
150 11
151 11
162 11
163 11
168 11
170 11
175 11
181 11
183 11
189 11
190 11
194 11
206 11
214 11
216 11
218 11
227 11
243 11
251 11
252 11
253 11
257 11
259 11
267 11
268 11
271 11
273 11
276 11
279 11
288 11
290 11
291 11
1 12
3 12
5 12
7 12
8 12
9 12
12 12
13 12
14 12
15 12
17 12
20 12
21 12
24 12
25 12
27 12
28 12
30 12
33 12
36 12
39 12
40 12
42 12
44 12
45 12
46 12
47 12
49 12
50 12
51 12
52 12
53 12
54 12
55 12
56 12
57 12
58 12
61 12
62 12
63 12
64 12
67 12
68 12
70 12
72 12
74 12
75 12
78 12
79 12
80 12
81 12
82 12
85 12
88 12
90 12
91 12
92 12
93 12
94 12
96 12
97 12
99 12
100 12
101 12
102 12
103 12
106 12
107 12
108 12
110 12
113 12
116 12
117 12
118 12
119 12
121 12
123 12
125 12
126 12
129 12
130 12
134 12
135 12
138 12
142 12
143 12
144 12
145 12
146 12
147 12
148 12
150 12
152 12
153 12
154 12
156 12
158 12
159 12
160 12
161 12
163 12
165 12
167 12
168 12
169 12
170 12
171 12
172 12
173 12
174 12
175 12
176 12
178 12
179 12
180 12
181 12
182 12
183 12
184 12
185 12
187 12
188 12
189 12
190 12
191 12
192 12
194 12
195 12
196 12
197 12
198 12
199 12
200 12
201 12
202 12
203 12
205 12
206 12
209 12
210 12
213 12
214 12
215 12
216 12
217 12
220 12
222 12
227 12
228 12
229 12
233 12
234 12
235 12
237 12
239 12
240 12
242 12
243 12
244 12
246 12
249 12
252 12
254 12
255 12
257 12
258 12
259 12
260 12
262 12
263 12
264 12
266 12
267 12
268 12
269 12
271 12
273 12
274 12
275 12
276 12
277 12
278 12
279 12
280 12
281 12
282 12
283 12
285 12
286 12
287 12
288 12
289 12
291 12
294 12
1 13
2 13
3 13
4 13
5 13
7 13
8 13
9 13
10 13
11 13
12 13
13 13
14 13
15 13
16 13
17 13
18 13
19 13
20 13
21 13
22 13
23 13
24 13
25 13
26 13
27 13
28 13
29 13
30 13
31 13
32 13
33 13
35 13
36 13
37 13
38 13
39 13
41 13
42 13
43 13
44 13
45 13
46 13
47 13
48 13
49 13
50 13
51 13
52 13
53 13
54 13
55 13
56 13
57 13
58 13
59 13
60 13
61 13
62 13
64 13
65 13
66 13
67 13
68 13
69 13
70 13
73 13
74 13
75 13
76 13
77 13
78 13
79 13
80 13
81 13
82 13
83 13
84 13
85 13
87 13
88 13
89 13
90 13
91 13
92 13
93 13
94 13
95 13
96 13
97 13
98 13
99 13
100 13
101 13
102 13
103 13
104 13
106 13
107 13
108 13
109 13
110 13
111 13
113 13
114 13
115 13
116 13
117 13
118 13
119 13
120 13
122 13
123 13
124 13
125 13
126 13
128 13
129 13
130 13
131 13
133 13
134 13
135 13
136 13
137 13
138 13
139 13
140 13
141 13
142 13
143 13
144 13
145 13
146 13
147 13
149 13
150 13
151 13
152 13
154 13
155 13
156 13
157 13
158 13
159 13
160 13
161 13
162 13
163 13
164 13
165 13
166 13
167 13
168 13
169 13
170 13
171 13
172 13
173 13
174 13
175 13
176 13
177 13
178 13
179 13
180 13
181 13
182 13
183 13
184 13
185 13
186 13
187 13
188 13
189 13
190 13
191 13
192 13
193 13
194 13
195 13
196 13
197 13
198 13
199 13
200 13
201 13
202 13
203 13
204 13
205 13
206 13
207 13
208 13
210 13
211 13
212 13
213 13
214 13
215 13
217 13
218 13
219 13
220 13
221 13
222 13
223 13
225 13
226 13
227 13
228 13
229 13
230 13
231 13
232 13
233 13
234 13
235 13
236 13
237 13
238 13
239 13
240 13
241 13
242 13
243 13
244 13
245 13
246 13
247 13
248 13
249 13
250 13
251 13
254 13
255 13
256 13
257 13
258 13
259 13
260 13
262 13
263 13
264 13
265 13
266 13
267 13
268 13
269 13
270 13
271 13
272 13
274 13
275 13
276 13
277 13
278 13
279 13
280 13
281 13
283 13
284 13
285 13
286 13
287 13
288 13
289 13
290 13
291 13
292 13
293 13
294 13
295 13
1 14
3 14
5 14
7 14
8 14
9 14
12 14
13 14
14 14
15 14
17 14
20 14
23 14
24 14
25 14
27 14
28 14
30 14
33 14
36 14
39 14
40 14
42 14
44 14
45 14
46 14
47 14
49 14
50 14
51 14
52 14
53 14
54 14
55 14
56 14
57 14
58 14
61 14
62 14
63 14
65 14
67 14
68 14
72 14
74 14
75 14
77 14
78 14
79 14
80 14
81 14
82 14
83 14
85 14
88 14
90 14
91 14
92 14
93 14
94 14
96 14
99 14
100 14
101 14
102 14
103 14
105 14
106 14
107 14
108 14
110 14
113 14
116 14
117 14
118 14
119 14
121 14
123 14
125 14
127 14
129 14
130 14
135 14
142 14
143 14
144 14
145 14
146 14
147 14
148 14
150 14
151 14
152 14
153 14
154 14
156 14
158 14
159 14
160 14
161 14
162 14
163 14
165 14
167 14
168 14
169 14
170 14
171 14
172 14
173 14
174 14
175 14
176 14
178 14
179 14
180 14
181 14
182 14
183 14
184 14
185 14
188 14
189 14
190 14
191 14
192 14
194 14
195 14
196 14
197 14
198 14
199 14
201 14
202 14
203 14
205 14
206 14
208 14
209 14
210 14
212 14
213 14
214 14
215 14
216 14
220 14
221 14
222 14
225 14
226 14
227 14
228 14
230 14
233 14
234 14
235 14
239 14
240 14
242 14
243 14
244 14
246 14
249 14
252 14
254 14
255 14
257 14
258 14
259 14
260 14
262 14
263 14
264 14
266 14
267 14
268 14
269 14
272 14
273 14
274 14
275 14
276 14
277 14
278 14
279 14
280 14
281 14
282 14
283 14
285 14
287 14
288 14
289 14
291 14
294 14
1 15
2 15
3 15
5 15
6 15
7 15
8 15
9 15
10 15
11 15
12 15
13 15
14 15
15 15
16 15
17 15
18 15
19 15
20 15
21 15
22 15
23 15
24 15
25 15
26 15
27 15
28 15
29 15
30 15
31 15
33 15
34 15
35 15
36 15
37 15
38 15
39 15
41 15
42 15
43 15
44 15
45 15
46 15
47 15
48 15
49 15
50 15
51 15
52 15
53 15
54 15
55 15
56 15
57 15
58 15
59 15
60 15
61 15
62 15
63 15
64 15
65 15
67 15
68 15
69 15
70 15
71 15
72 15
73 15
74 15
75 15
76 15
77 15
78 15
79 15
80 15
81 15
82 15
83 15
84 15
85 15
86 15
87 15
88 15
89 15
90 15
91 15
93 15
94 15
95 15
96 15
97 15
99 15
100 15
101 15
102 15
103 15
104 15
105 15
106 15
107 15
108 15
109 15
110 15
111 15
112 15
113 15
114 15
115 15
116 15
117 15
118 15
119 15
120 15
121 15
122 15
123 15
124 15
125 15
126 15
127 15
128 15
130 15
131 15
132 15
133 15
134 15
136 15
137 15
138 15
139 15
140 15
141 15
142 15
143 15
144 15
145 15
146 15
147 15
149 15
150 15
151 15
152 15
153 15
154 15
155 15
156 15
157 15
158 15
159 15
160 15
161 15
162 15
163 15
164 15
165 15
166 15
168 15
169 15
170 15
171 15
172 15
173 15
174 15
175 15
176 15
177 15
178 15
179 15
180 15
181 15
182 15
183 15
184 15
185 15
186 15
187 15
188 15
189 15
190 15
191 15
192 15
193 15
194 15
196 15
197 15
198 15
199 15
200 15
201 15
202 15
203 15
204 15
205 15
206 15
207 15
208 15
210 15
211 15
212 15
213 15
214 15
215 15
216 15
217 15
219 15
220 15
221 15
222 15
223 15
224 15
225 15
226 15
227 15
228 15
229 15
230 15
231 15
232 15
233 15
234 15
235 15
236 15
237 15
238 15
239 15
240 15
241 15
242 15
244 15
245 15
247 15
248 15
249 15
250 15
251 15
252 15
253 15
254 15
255 15
256 15
257 15
258 15
259 15
260 15
261 15
262 15
263 15
264 15
265 15
266 15
267 15
268 15
269 15
270 15
271 15
272 15
273 15
274 15
275 15
276 15
277 15
278 15
279 15
280 15
281 15
282 15
283 15
284 15
285 15
286 15
287 15
288 15
289 15
290 15
293 15
294 15
295 15
7 16
8 16
9 16
12 16
14 16
15 16
16 16
17 16
20 16
21 16
25 16
27 16
28 16
33 16
36 16
39 16
42 16
44 16
46 16
47 16
49 16
50 16
54 16
55 16
56 16
57 16
58 16
62 16
67 16
68 16
70 16
72 16
77 16
78 16
79 16
80 16
88 16
90 16
91 16
92 16
93 16
96 16
100 16
102 16
103 16
105 16
106 16
107 16
108 16
110 16
113 16
116 16
117 16
118 16
121 16
125 16
129 16
130 16
135 16
138 16
142 16
144 16
148 16
150 16
151 16
156 16
161 16
162 16
163 16
164 16
165 16
167 16
168 16
169 16
170 16
171 16
178 16
180 16
182 16
188 16
190 16
191 16
194 16
195 16
197 16
198 16
199 16
201 16
204 16
206 16
207 16
208 16
210 16
214 16
216 16
221 16
227 16
230 16
235 16
240 16
242 16
243 16
244 16
248 16
252 16
254 16
257 16
259 16
260 16
267 16
271 16
272 16
274 16
275 16
276 16
278 16
279 16
280 16
281 16
285 16
288 16
291 16
294 16
1 17
2 17
3 17
4 17
5 17
6 17
7 17
8 17
9 17
12 17
13 17
14 17
15 17
16 17
17 17
18 17
19 17
20 17
21 17
22 17
23 17
24 17
25 17
26 17
27 17
29 17
30 17
31 17
32 17
33 17
34 17
35 17
37 17
38 17
39 17
40 17
41 17
42 17
43 17
45 17
46 17
47 17
48 17
49 17
51 17
52 17
53 17
54 17
55 17
56 17
57 17
58 17
59 17
60 17
61 17
62 17
63 17
64 17
65 17
67 17
68 17
69 17
70 17
71 17
72 17
73 17
74 17
75 17
76 17
78 17
79 17
80 17
81 17
82 17
83 17
84 17
85 17
86 17
87 17
88 17
89 17
90 17
91 17
92 17
93 17
94 17
95 17
96 17
97 17
98 17
99 17
100 17
101 17
102 17
103 17
104 17
105 17
106 17
107 17
108 17
109 17
110 17
111 17
112 17
113 17
114 17
115 17
116 17
117 17
118 17
119 17
120 17
121 17
122 17
123 17
124 17
125 17
126 17
127 17
128 17
129 17
130 17
131 17
132 17
133 17
134 17
135 17
137 17
138 17
140 17
141 17
142 17
143 17
144 17
145 17
146 17
147 17
148 17
149 17
151 17
152 17
153 17
154 17
155 17
156 17
157 17
158 17
159 17
160 17
161 17
162 17
163 17
164 17
165 17
166 17
167 17
168 17
169 17
170 17
171 17
172 17
174 17
175 17
176 17
177 17
178 17
179 17
180 17
181 17
182 17
183 17
184 17
185 17
186 17
187 17
188 17
189 17
190 17
191 17
192 17
193 17
194 17
195 17
196 17
197 17
198 17
199 17
200 17
201 17
202 17
203 17
204 17
205 17
206 17
207 17
208 17
210 17
211 17
212 17
213 17
214 17
215 17
216 17
217 17
218 17
219 17
220 17
221 17
223 17
224 17
225 17
226 17
229 17
230 17
231 17
232 17
234 17
235 17
236 17
237 17
238 17
239 17
240 17
241 17
242 17
243 17
244 17
245 17
246 17
247 17
248 17
249 17
250 17
251 17
252 17
253 17
254 17
255 17
256 17
257 17
258 17
259 17
260 17
261 17
263 17
264 17
265 17
266 17
267 17
268 17
269 17
270 17
271 17
272 17
273 17
274 17
275 17
276 17
278 17
279 17
280 17
281 17
282 17
283 17
284 17
285 17
286 17
287 17
288 17
289 17
290 17
291 17
292 17
293 17
294 17
295 17
5 18
6 18
7 18
8 18
9 18
12 18
16 18
17 18
21 18
30 18
33 18
39 18
40 18
41 18
42 18
46 18
49 18
54 18
58 18
62 18
78 18
88 18
91 18
93 18
100 18
107 18
108 18
116 18
117 18
121 18
122 18
129 18
130 18
135 18
142 18
147 18
148 18
150 18
151 18
161 18
162 18
163 18
166 18
169 18
170 18
171 18
181 18
190 18
194 18
195 18
197 18
198 18
199 18
206 18
210 18
214 18
216 18
227 18
234 18
240 18
242 18
243 18
252 18
257 18
259 18
260 18
262 18
267 18
268 18
269 18
271 18
272 18
273 18
276 18
279 18
280 18
281 18
285 18
288 18
291 18
292 18
294 18
7 19
8 19
9 19
12 19
14 19
15 19
17 19
20 19
21 19
24 19
25 19
27 19
28 19
33 19
36 19
39 19
40 19
42 19
44 19
46 19
47 19
49 19
50 19
51 19
53 19
54 19
56 19
57 19
58 19
61 19
62 19
67 19
68 19
70 19
77 19
78 19
79 19
80 19
88 19
90 19
91 19
92 19
93 19
96 19
100 19
102 19
103 19
104 19
105 19
106 19
107 19
108 19
110 19
111 19
113 19
116 19
117 19
118 19
120 19
121 19
125 19
129 19
130 19
132 19
135 19
138 19
142 19
144 19
145 19
147 19
148 19
150 19
156 19
161 19
162 19
163 19
165 19
167 19
168 19
169 19
170 19
171 19
178 19
180 19
181 19
182 19
185 19
190 19
191 19
194 19
195 19
197 19
198 19
199 19
201 19
204 19
206 19
208 19
209 19
210 19
214 19
221 19
227 19
230 19
234 19
235 19
238 19
240 19
241 19
242 19
243 19
244 19
252 19
254 19
257 19
259 19
260 19
262 19
263 19
264 19
267 19
268 19
271 19
273 19
274 19
275 19
276 19
279 19
280 19
281 19
285 19
286 19
288 19
289 19
291 19
294 19
7 20
8 20
9 20
12 20
14 20
15 20
17 20
20 20
21 20
25 20
27 20
28 20
33 20
34 20
36 20
39 20
40 20
42 20
43 20
44 20
46 20
47 20
49 20
50 20
54 20
56 20
57 20
58 20
62 20
67 20
68 20
69 20
70 20
77 20
78 20
79 20
80 20
81 20
83 20
85 20
88 20
91 20
92 20
93 20
96 20
100 20
102 20
103 20
105 20
106 20
107 20
108 20
113 20
116 20
117 20
118 20
121 20
125 20
127 20
129 20
130 20
135 20
138 20
140 20
142 20
144 20
147 20
148 20
149 20
150 20
156 20
161 20
162 20
163 20
165 20
167 20
168 20
169 20
170 20
171 20
172 20
178 20
180 20
181 20
182 20
185 20
188 20
190 20
191 20
194 20
195 20
197 20
198 20
199 20
200 20
201 20
204 20
206 20
208 20
209 20
210 20
214 20
216 20
218 20
230 20
231 20
234 20
235 20
240 20
242 20
243 20
244 20
252 20
254 20
257 20
259 20
260 20
262 20
263 20
267 20
268 20
269 20
271 20
272 20
273 20
274 20
275 20
276 20
279 20
280 20
281 20
285 20
288 20
291 20
293 20
294 20
1 21
2 21
3 21
4 21
5 21
7 21
8 21
9 21
10 21
11 21
12 21
13 21
14 21
15 21
16 21
17 21
18 21
19 21
20 21
21 21
22 21
23 21
24 21
25 21
26 21
28 21
29 21
30 21
31 21
32 21
33 21
34 21
36 21
37 21
38 21
39 21
40 21
41 21
42 21
43 21
44 21
45 21
47 21
48 21
49 21
50 21
51 21
52 21
53 21
55 21
56 21
57 21
58 21
59 21
60 21
61 21
62 21
63 21
64 21
65 21
66 21
67 21
68 21
69 21
70 21
71 21
72 21
73 21
74 21
75 21
76 21
77 21
78 21
79 21
80 21
81 21
82 21
83 21
84 21
85 21
86 21
87 21
88 21
89 21
90 21
91 21
92 21
93 21
94 21
96 21
97 21
98 21
99 21
100 21
101 21
103 21
104 21
105 21
106 21
107 21
108 21
109 21
110 21
111 21
112 21
113 21
114 21
115 21
116 21
117 21
118 21
119 21
120 21
121 21
122 21
123 21
124 21
126 21
127 21
129 21
130 21
131 21
132 21
133 21
134 21
135 21
136 21
137 21
138 21
139 21
140 21
141 21
142 21
143 21
144 21
145 21
146 21
147 21
149 21
150 21
151 21
152 21
153 21
154 21
155 21
156 21
157 21
158 21
159 21
161 21
162 21
163 21
164 21
165 21
166 21
167 21
169 21
171 21
172 21
173 21
174 21
175 21
176 21
177 21
178 21
179 21
180 21
181 21
182 21
183 21
184 21
185 21
186 21
187 21
188 21
189 21
190 21
191 21
192 21
194 21
195 21
196 21
197 21
198 21
199 21
200 21
201 21
202 21
203 21
204 21
205 21
207 21
208 21
209 21
210 21
211 21
212 21
213 21
214 21
215 21
216 21
217 21
218 21
219 21
220 21
221 21
222 21
223 21
224 21
226 21
227 21
228 21
229 21
230 21
231 21
232 21
233 21
234 21
235 21
236 21
237 21
238 21
239 21
240 21
241 21
242 21
243 21
244 21
245 21
246 21
247 21
248 21
249 21
250 21
251 21
252 21
253 21
254 21
255 21
256 21
257 21
258 21
259 21
260 21
261 21
263 21
265 21
266 21
267 21
268 21
269 21
270 21
271 21
273 21
274 21
275 21
276 21
277 21
278 21
279 21
280 21
281 21
282 21
283 21
284 21
285 21
286 21
287 21
288 21
289 21
290 21
291 21
292 21
293 21
294 21
295 21
1 22
2 22
3 22
4 22
7 22
8 22
9 22
10 22
11 22
12 22
13 22
14 22
15 22
16 22
17 22
18 22
19 22
20 22
21 22
22 22
23 22
24 22
26 22
27 22
28 22
29 22
30 22
31 22
32 22
33 22
34 22
35 22
36 22
37 22
38 22
39 22
40 22
41 22
42 22
44 22
45 22
46 22
47 22
48 22
49 22
50 22
52 22
53 22
54 22
55 22
57 22
58 22
59 22
60 22
61 22
62 22
64 22
65 22
66 22
67 22
68 22
69 22
70 22
71 22
72 22
73 22
74 22
75 22
76 22
77 22
78 22
79 22
80 22
81 22
82 22
83 22
84 22
85 22
87 22
88 22
89 22
90 22
92 22
93 22
94 22
95 22
96 22
97 22
98 22
99 22
100 22
101 22
102 22
103 22
104 22
105 22
106 22
107 22
108 22
109 22
110 22
111 22
112 22
113 22
114 22
115 22
116 22
117 22
118 22
119 22
120 22
121 22
122 22
123 22
124 22
125 22
126 22
127 22
128 22
129 22
130 22
131 22
133 22
135 22
136 22
138 22
139 22
140 22
141 22
142 22
143 22
144 22
145 22
146 22
147 22
148 22
150 22
151 22
153 22
154 22
155 22
156 22
157 22
158 22
159 22
160 22
161 22
162 22
163 22
164 22
165 22
166 22
167 22
168 22
169 22
170 22
171 22
172 22
173 22
174 22
175 22
176 22
177 22
178 22
179 22
180 22
181 22
183 22
184 22
185 22
186 22
187 22
188 22
189 22
190 22
191 22
192 22
194 22
195 22
196 22
197 22
198 22
199 22
200 22
202 22
203 22
204 22
205 22
206 22
207 22
208 22
209 22
210 22
211 22
212 22
213 22
214 22
215 22
216 22
217 22
218 22
219 22
220 22
221 22
222 22
223 22
224 22
225 22
226 22
227 22
228 22
229 22
230 22
231 22
232 22
233 22
234 22
235 22
236 22
237 22
238 22
239 22
240 22
242 22
244 22
245 22
246 22
247 22
248 22
249 22
251 22
252 22
253 22
254 22
255 22
256 22
257 22
258 22
260 22
261 22
262 22
263 22
264 22
265 22
266 22
267 22
268 22
269 22
270 22
271 22
272 22
273 22
274 22
275 22
276 22
277 22
278 22
279 22
280 22
281 22
282 22
283 22
284 22
285 22
286 22
287 22
288 22
289 22
290 22
291 22
292 22
293 22
294 22
295 22
1 23
2 23
5 23
7 23
8 23
9 23
12 23
13 23
14 23
15 23
16 23
17 23
20 23
21 23
24 23
25 23
27 23
28 23
30 23
33 23
36 23
39 23
40 23
42 23
44 23
45 23
46 23
47 23
49 23
50 23
51 23
52 23
53 23
54 23
55 23
56 23
57 23
58 23
61 23
62 23
63 23
67 23
70 23
72 23
75 23
77 23
78 23
79 23
80 23
81 23
82 23
85 23
88 23
90 23
91 23
92 23
93 23
94 23
96 23
99 23
100 23
101 23
102 23
103 23
105 23
106 23
107 23
108 23
110 23
112 23
113 23
116 23
117 23
119 23
121 23
123 23
125 23
126 23
129 23
130 23
135 23
138 23
139 23
140 23
142 23
143 23
144 23
145 23
146 23
147 23
148 23
150 23
151 23
152 23
153 23
154 23
156 23
158 23
159 23
160 23
161 23
162 23
165 23
168 23
169 23
170 23
171 23
172 23
173 23
174 23
175 23
176 23
178 23
179 23
180 23
181 23
182 23
183 23
184 23
185 23
188 23
189 23
190 23
191 23
192 23
194 23
195 23
197 23
198 23
199 23
201 23
202 23
203 23
204 23
205 23
206 23
208 23
209 23
210 23
213 23
214 23
215 23
216 23
220 23
221 23
222 23
227 23
228 23
230 23
233 23
234 23
235 23
237 23
239 23
240 23
242 23
243 23
244 23
246 23
249 23
252 23
254 23
255 23
257 23
258 23
259 23
260 23
261 23
262 23
263 23
264 23
266 23
267 23
268 23
269 23
271 23
272 23
273 23
274 23
275 23
276 23
277 23
278 23
279 23
280 23
281 23
282 23
285 23
287 23
288 23
289 23
291 23
294 23
1 24
3 24
5 24
6 24
7 24
9 24
12 24
13 24
14 24
15 24
20 24
21 24
22 24
25 24
27 24
28 24
30 24
33 24
36 24
39 24
40 24
42 24
44 24
45 24
46 24
47 24
49 24
50 24
51 24
52 24
53 24
54 24
55 24
56 24
57 24
58 24
61 24
62 24
63 24
67 24
68 24
70 24
72 24
73 24
74 24
75 24
77 24
78 24
80 24
81 24
82 24
83 24
85 24
88 24
90 24
91 24
92 24
93 24
94 24
96 24
99 24
100 24
101 24
102 24
103 24
105 24
106 24
107 24
108 24
110 24
113 24
116 24
117 24
118 24
119 24
121 24
123 24
125 24
126 24
129 24
130 24
135 24
138 24
142 24
143 24
144 24
145 24
146 24
147 24
148 24
150 24
151 24
152 24
153 24
154 24
156 24
158 24
159 24
160 24
161 24
162 24
165 24
167 24
168 24
169 24
170 24
171 24
172 24
174 24
175 24
176 24
178 24
179 24
180 24
181 24
182 24
184 24
185 24
188 24
189 24
190 24
191 24
192 24
194 24
195 24
196 24
197 24
198 24
199 24
201 24
202 24
203 24
204 24
205 24
206 24
208 24
209 24
210 24
213 24
214 24
215 24
216 24
220 24
221 24
227 24
228 24
230 24
233 24
234 24
235 24
237 24
238 24
239 24
240 24
242 24
243 24
244 24
246 24
249 24
252 24
254 24
255 24
258 24
259 24
260 24
262 24
263 24
264 24
265 24
267 24
268 24
269 24
271 24
272 24
273 24
274 24
275 24
276 24
277 24
278 24
279 24
280 24
281 24
282 24
285 24
287 24
288 24
289 24
291 24
294 24
1 25
3 25
5 25
7 25
8 25
9 25
12 25
13 25
14 25
15 25
17 25
20 25
21 25
24 25
25 25
27 25
28 25
30 25
33 25
36 25
39 25
40 25
42 25
44 25
45 25
46 25
47 25
49 25
51 25
52 25
53 25
54 25
55 25
56 25
57 25
58 25
61 25
62 25
63 25
67 25
68 25
70 25
72 25
74 25
77 25
78 25
79 25
80 25
81 25
82 25
85 25
87 25
88 25
90 25
91 25
92 25
93 25
94 25
96 25
99 25
100 25
101 25
102 25
103 25
105 25
106 25
107 25
108 25
110 25
113 25
116 25
117 25
118 25
119 25
121 25
123 25
125 25
126 25
129 25
130 25
135 25
137 25
138 25
140 25
142 25
143 25
144 25
145 25
146 25
147 25
150 25
151 25
152 25
153 25
154 25
156 25
158 25
159 25
160 25
161 25
162 25
163 25
165 25
167 25
168 25
169 25
170 25
171 25
172 25
173 25
175 25
176 25
178 25
179 25
180 25
181 25
183 25
184 25
185 25
188 25
189 25
190 25
191 25
192 25
194 25
195 25
196 25
197 25
198 25
199 25
201 25
202 25
203 25
204 25
205 25
208 25
209 25
210 25
213 25
214 25
215 25
216 25
220 25
221 25
222 25
227 25
228 25
230 25
233 25
234 25
235 25
237 25
239 25
240 25
243 25
244 25
246 25
249 25
252 25
254 25
255 25
257 25
258 25
259 25
260 25
262 25
263 25
264 25
266 25
267 25
268 25
269 25
271 25
272 25
273 25
274 25
275 25
276 25
277 25
278 25
279 25
280 25
281 25
282 25
283 25
285 25
287 25
288 25
289 25
291 25
294 25
1 26
3 26
5 26
6 26
7 26
9 26
11 26
12 26
13 26
14 26
15 26
17 26
20 26
21 26
24 26
25 26
28 26
30 26
33 26
36 26
37 26
39 26
40 26
42 26
44 26
45 26
46 26
47 26
49 26
50 26
51 26
52 26
53 26
54 26
56 26
57 26
58 26
61 26
63 26
67 26
68 26
70 26
72 26
74 26
77 26
78 26
80 26
81 26
82 26
84 26
85 26
90 26
91 26
92 26
93 26
94 26
96 26
99 26
100 26
101 26
102 26
103 26
105 26
106 26
107 26
108 26
110 26
113 26
116 26
117 26
118 26
119 26
121 26
123 26
125 26
126 26
129 26
130 26
135 26
138 26
142 26
144 26
145 26
146 26
147 26
148 26
150 26
151 26
152 26
153 26
154 26
156 26
158 26
159 26
160 26
161 26
162 26
163 26
165 26
167 26
168 26
169 26
170 26
171 26
172 26
173 26
174 26
175 26
176 26
178 26
179 26
180 26
181 26
182 26
183 26
184 26
185 26
188 26
189 26
190 26
192 26
194 26
195 26
196 26
197 26
198 26
199 26
201 26
202 26
203 26
205 26
206 26
208 26
209 26
210 26
214 26
215 26
216 26
220 26
221 26
222 26
227 26
228 26
233 26
234 26
235 26
237 26
238 26
239 26
240 26
242 26
243 26
244 26
246 26
249 26
252 26
254 26
255 26
256 26
257 26
258 26
259 26
260 26
262 26
263 26
264 26
266 26
267 26
268 26
269 26
271 26
272 26
273 26
274 26
275 26
276 26
277 26
278 26
279 26
280 26
281 26
282 26
283 26
285 26
287 26
288 26
289 26
291 26
294 26
7 27
8 27
9 27
17 27
18 27
21 27
25 27
27 27
33 27
39 27
40 27
42 27
46 27
48 27
49 27
51 27
54 27
58 27
62 27
75 27
78 27
88 27
91 27
93 27
100 27
107 27
108 27
113 27
116 27
117 27
121 27
129 27
130 27
135 27
142 27
147 27
148 27
150 27
151 27
152 27
162 27
169 27
170 27
171 27
178 27
181 27
190 27
192 27
194 27
195 27
197 27
198 27
199 27
201 27
204 27
206 27
216 27
227 27
234 27
235 27
240 27
242 27
243 27
252 27
257 27
259 27
260 27
261 27
262 27
267 27
268 27
271 27
272 27
273 27
276 27
279 27
280 27
281 27
285 27
288 27
291 27
294 27
1 28
2 28
3 28
4 28
5 28
6 28
7 28
8 28
9 28
11 28
12 28
15 28
16 28
17 28
18 28
19 28
20 28
21 28
22 28
23 28
24 28
25 28
26 28
27 28
28 28
29 28
30 28
31 28
32 28
34 28
35 28
36 28
37 28
38 28
39 28
40 28
41 28
42 28
43 28
44 28
45 28
46 28
47 28
48 28
49 28
50 28
51 28
52 28
54 28
55 28
56 28
57 28
58 28
59 28
60 28
61 28
62 28
63 28
64 28
65 28
66 28
67 28
69 28
70 28
71 28
72 28
73 28
74 28
76 28
77 28
78 28
79 28
81 28
82 28
83 28
84 28
85 28
86 28
87 28
89 28
90 28
91 28
92 28
93 28
94 28
95 28
96 28
97 28
98 28
99 28
100 28
101 28
102 28
103 28
104 28
105 28
106 28
107 28
108 28
109 28
110 28
111 28
112 28
113 28
114 28
115 28
116 28
117 28
118 28
119 28
120 28
121 28
122 28
123 28
124 28
125 28
126 28
128 28
130 28
131 28
132 28
133 28
134 28
136 28
137 28
139 28
140 28
141 28
142 28
143 28
144 28
145 28
146 28
147 28
148 28
149 28
150 28
151 28
152 28
153 28
154 28
155 28
156 28
157 28
158 28
159 28
160 28
161 28
162 28
163 28
164 28
165 28
166 28
167 28
168 28
169 28
170 28
171 28
172 28
173 28
174 28
175 28
176 28
177 28
178 28
179 28
180 28
181 28
182 28
183 28
184 28
185 28
186 28
187 28
188 28
189 28
190 28
191 28
192 28
193 28
194 28
195 28
196 28
197 28
198 28
199 28
200 28
201 28
202 28
204 28
205 28
206 28
207 28
208 28
209 28
210 28
211 28
212 28
213 28
214 28
216 28
217 28
218 28
219 28
220 28
221 28
222 28
223 28
224 28
225 28
226 28
227 28
229 28
230 28
231 28
232 28
233 28
234 28
236 28
237 28
238 28
239 28
240 28
241 28
242 28
243 28
244 28
245 28
246 28
247 28
248 28
249 28
250 28
251 28
253 28
254 28
255 28
256 28
257 28
258 28
259 28
260 28
261 28
262 28
263 28
264 28
265 28
266 28
267 28
268 28
269 28
270 28
271 28
272 28
273 28
274 28
275 28
276 28
277 28
278 28
279 28
280 28
282 28
283 28
284 28
285 28
286 28
287 28
288 28
290 28
291 28
292 28
293 28
294 28
295 28
1 29
2 29
3 29
4 29
5 29
8 29
9 29
10 29
11 29
12 29
13 29
14 29
15 29
16 29
18 29
19 29
20 29
21 29
22 29
23 29
24 29
25 29
26 29
27 29
29 29
30 29
31 29
32 29
34 29
35 29
36 29
37 29
38 29
39 29
40 29
41 29
42 29
43 29
44 29
45 29
46 29
47 29
48 29
49 29
50 29
51 29
52 29
54 29
55 29
56 29
57 29
58 29
59 29
60 29
61 29
62 29
63 29
64 29
65 29
66 29
67 29
68 29
69 29
70 29
71 29
72 29
73 29
74 29
75 29
78 29
79 29
80 29
82 29
83 29
84 29
85 29
86 29
87 29
89 29
90 29
91 29
92 29
93 29
95 29
96 29
97 29
98 29
99 29
100 29
101 29
102 29
103 29
105 29
106 29
107 29
108 29
110 29
111 29
112 29
113 29
114 29
115 29
116 29
118 29
119 29
120 29
121 29
122 29
123 29
124 29
125 29
126 29
127 29
128 29
129 29
130 29
131 29
132 29
133 29
134 29
135 29
137 29
138 29
139 29
140 29
141 29
142 29
143 29
144 29
145 29
146 29
147 29
148 29
149 29
150 29
151 29
152 29
154 29
155 29
156 29
157 29
158 29
159 29
160 29
161 29
162 29
163 29
164 29
165 29
166 29
167 29
168 29
169 29
170 29
172 29
173 29
174 29
175 29
176 29
177 29
178 29
179 29
181 29
182 29
183 29
184 29
185 29
186 29
187 29
188 29
189 29
190 29
191 29
192 29
193 29
194 29
195 29
196 29
197 29
198 29
199 29
200 29
201 29
202 29
203 29
204 29
205 29
206 29
207 29
208 29
209 29
210 29
211 29
212 29
213 29
214 29
215 29
216 29
218 29
219 29
220 29
221 29
222 29
223 29
224 29
225 29
226 29
228 29
229 29
230 29
231 29
232 29
233 29
234 29
235 29
236 29
237 29
238 29
239 29
240 29
241 29
242 29
243 29
244 29
245 29
246 29
247 29
249 29
250 29
251 29
253 29
254 29
256 29
257 29
258 29
259 29
261 29
262 29
263 29
264 29
265 29
266 29
267 29
269 29
270 29
271 29
272 29
273 29
274 29
275 29
276 29
277 29
278 29
279 29
280 29
281 29
282 29
283 29
284 29
285 29
286 29
287 29
288 29
289 29
290 29
291 29
292 29
293 29
294 29
295 29
1 30
2 30
3 30
4 30
5 30
6 30
7 30
8 30
9 30
10 30
11 30
12 30
13 30
15 30
16 30
17 30
18 30
20 30
21 30
23 30
24 30
25 30
26 30
27 30
28 30
29 30
30 30
31 30
32 30
33 30
34 30
35 30
36 30
37 30
38 30
39 30
40 30
41 30
42 30
43 30
44 30
45 30
46 30
48 30
49 30
50 30
51 30
53 30
54 30
55 30
56 30
57 30
58 30
59 30
60 30
62 30
63 30
64 30
65 30
66 30
67 30
68 30
69 30
70 30
71 30
72 30
73 30
74 30
75 30
77 30
78 30
79 30
80 30
81 30
82 30
83 30
84 30
85 30
86 30
88 30
89 30
90 30
91 30
92 30
93 30
94 30
95 30
96 30
97 30
98 30
99 30
100 30
101 30
102 30
103 30
104 30
105 30
106 30
107 30
108 30
109 30
110 30
111 30
112 30
113 30
114 30
116 30
117 30
118 30
119 30
120 30
122 30
123 30
125 30
126 30
127 30
128 30
129 30
130 30
132 30
133 30
134 30
135 30
136 30
137 30
138 30
139 30
140 30
141 30
142 30
143 30
144 30
145 30
146 30
147 30
148 30
149 30
150 30
151 30
152 30
153 30
154 30
156 30
157 30
158 30
159 30
160 30
161 30
162 30
163 30
165 30
166 30
167 30
168 30
169 30
170 30
172 30
173 30
174 30
176 30
177 30
179 30
180 30
181 30
182 30
183 30
184 30
185 30
186 30
187 30
188 30
189 30
190 30
191 30
192 30
193 30
194 30
195 30
196 30
197 30
198 30
199 30
201 30
202 30
203 30
204 30
205 30
206 30
207 30
209 30
210 30
211 30
212 30
213 30
214 30
215 30
216 30
217 30
218 30
219 30
220 30
221 30
223 30
224 30
225 30
227 30
228 30
229 30
230 30
231 30
232 30
233 30
234 30
235 30
236 30
237 30
238 30
239 30
240 30
241 30
242 30
243 30
244 30
245 30
246 30
247 30
248 30
249 30
250 30
251 30
252 30
254 30
255 30
256 30
257 30
259 30
261 30
262 30
263 30
264 30
265 30
266 30
267 30
268 30
269 30
270 30
271 30
272 30
273 30
274 30
275 30
276 30
277 30
278 30
279 30
280 30
281 30
282 30
284 30
285 30
286 30
287 30
288 30
290 30
293 30
294 30
295 30
