1 1
2 1
3 1
4 1
5 1
6 1
7 1
8 1
9 1
10 1
11 1
12 1
13 1
14 1
15 1
16 1
17 1
18 1
19 1
20 1
21 1
22 1
23 1
24 1
25 1
26 1
27 1
28 1
29 1
30 1
31 1
32 1
33 1
34 1
35 1
36 1
37 1
38 1
39 1
40 1
41 1
42 1
43 1
44 1
45 1
46 1
47 1
48 1
49 1
50 1
51 1
52 1
53 1
54 1
55 1
56 1
57 1
58 1
59 1
60 1
61 1
62 1
63 1
64 1
65 1
66 1
67 1
68 1
69 1
70 1
71 1
72 1
73 1
74 1
75 1
76 1
77 1
78 1
79 1
80 1
81 1
82 1
83 1
84 1
85 1
86 1
87 1
88 1
89 1
90 1
91 1
92 1
93 1
94 1
95 1
96 1
97 1
98 1
99 1
100 1
101 1
102 1
103 1
104 1
105 1
106 1
107 1
108 1
109 1
110 1
111 1
112 1
113 1
114 1
115 1
116 1
117 1
118 1
119 1
120 1
121 1
122 1
123 1
124 1
125 1
126 1
127 1
128 1
129 1
130 1
131 1
132 1
133 1
134 1
135 1
136 1
137 1
138 1
139 1
140 1
141 1
142 1
143 1
144 1
145 1
146 1
147 1
148 1
149 1
150 1
151 1
152 1
153 1
154 1
155 1
156 1
157 1
158 1
159 1
160 1
161 1
162 1
163 1
164 1
165 1
166 1
167 1
168 1
169 1
170 1
171 1
172 1
173 1
174 1
175 1
176 1
177 1
178 1
179 1
180 1
181 1
182 1
183 1
184 1
185 1
186 1
187 1
188 1
189 1
190 1
191 1
192 1
193 1
194 1
195 1
196 1
197 1
198 1
199 1
200 1
201 1
202 1
203 1
204 1
205 1
206 1
207 1
208 1
209 1
210 1
211 1
212 1
213 1
214 1
215 1
216 1
217 1
218 1
219 1
220 1
221 1
222 1
223 1
224 1
225 1
226 1
227 1
228 1
229 1
230 1
231 1
232 1
233 1
234 1
235 1
236 1
237 1
238 1
239 1
240 1
241 1
242 1
243 1
244 1
245 1
246 1
247 1
248 1
249 1
250 1
251 1
252 1
253 1
254 1
255 1
256 1
257 1
258 1
259 1
260 1
261 1
262 1
263 1
264 1
265 1
266 1
267 1
268 1
269 1
270 1
271 1
272 1
273 1
274 1
275 1
276 1
277 1
278 1
279 1
280 1
281 1
282 1
283 1
284 1
285 1
286 1
287 1
288 1
289 1
290 1
291 1
292 1
293 1
294 1
295 1
1 2
2 2
6 2
7 2
9 2
10 2
12 2
14 2
15 2
16 2
17 2
18 2
19 2
21 2
23 2
25 2
26 2
27 2
30 2
32 2
34 2
35 2
36 2
37 2
39 2
40 2
41 2
44 2
46 2
48 2
49 2
50 2
53 2
55 2
56 2
57 2
58 2
59 2
60 2
61 2
62 2
63 2
64 2
65 2
67 2
68 2
69 2
71 2
73 2
74 2
75 2
76 2
78 2
84 2
85 2
86 2
87 2
89 2
91 2
94 2
98 2
99 2
100 2
101 2
103 2
104 2
106 2
107 2
111 2
112 2
115 2
116 2
120 2
121 2
122 2
125 2
126 2
127 2
128 2
129 2
131 2
132 2
133 2
134 2
135 2
137 2
138 2
139 2
140 2
141 2
143 2
144 2
146 2
147 2
148 2
150 2
155 2
161 2
163 2
164 2
166 2
169 2
171 2
174 2
175 2
176 2
177 2
178 2
179 2
180 2
181 2
182 2
184 2
185 2
186 2
188 2
189 2
191 2
192 2
193 2
194 2
195 2
196 2
198 2
199 2
200 2
201 2
202 2
203 2
205 2
206 2
208 2
209 2
210 2
211 2
214 2
217 2
218 2
219 2
220 2
222 2
223 2
224 2
225 2
227 2
230 2
232 2
233 2
234 2
235 2
236 2
237 2
239 2
241 2
244 2
245 2
246 2
247 2
248 2
250 2
253 2
255 2
256 2
257 2
258 2
259 2
260 2
262 2
263 2
264 2
265 2
266 2
267 2
268 2
270 2
271 2
272 2
274 2
275 2
276 2
278 2
280 2
281 2
282 2
283 2
284 2
285 2
288 2
289 2
290 2
291 2
292 2
293 2
294 2
295 2
9 3
10 3
36 3
39 3
44 3
58 3
61 3
63 3
65 3
69 3
78 3
84 3
91 3
99 3
121 3
132 3
135 3
137 3
148 3
161 3
178 3
180 3
191 3
193 3
194 3
198 3
200 3
202 3
218 3
219 3
239 3
265 3
272 3
274 3
283 3
1 4
2 4
6 4
7 4
9 4
10 4
12 4
14 4
15 4
16 4
17 4
18 4
19 4
21 4
23 4
25 4
26 4
27 4
30 4
32 4
34 4
35 4
36 4
37 4
39 4
40 4
41 4
44 4
46 4
48 4
49 4
50 4
53 4
55 4
56 4
57 4
58 4
59 4
60 4
61 4
62 4
63 4
64 4
65 4
67 4
68 4
69 4
71 4
73 4
74 4
75 4
76 4
78 4
84 4
85 4
86 4
87 4
89 4
91 4
94 4
98 4
99 4
100 4
101 4
103 4
104 4
106 4
107 4
111 4
112 4
115 4
116 4
120 4
121 4
122 4
125 4
126 4
127 4
128 4
129 4
131 4
132 4
133 4
134 4
135 4
137 4
138 4
139 4
140 4
141 4
143 4
144 4
146 4
147 4
148 4
150 4
155 4
161 4
163 4
164 4
166 4
169 4
171 4
174 4
175 4
176 4
177 4
178 4
179 4
180 4
181 4
182 4
184 4
185 4
186 4
188 4
189 4
191 4
192 4
193 4
194 4
195 4
196 4
198 4
199 4
200 4
201 4
202 4
203 4
205 4
206 4
208 4
209 4
210 4
211 4
214 4
217 4
218 4
219 4
220 4
222 4
223 4
224 4
225 4
227 4
230 4
232 4
233 4
234 4
235 4
236 4
237 4
239 4
241 4
244 4
245 4
246 4
247 4
248 4
250 4
253 4
255 4
256 4
257 4
258 4
259 4
260 4
262 4
263 4
264 4
265 4
266 4
267 4
268 4
270 4
271 4
272 4
274 4
275 4
276 4
278 4
280 4
281 4
282 4
283 4
284 4
285 4
288 4
289 4
290 4
291 4
292 4
293 4
294 4
295 4
1 5
2 5
6 5
7 5
9 5
10 5
12 5
14 5
15 5
16 5
17 5
18 5
19 5
21 5
23 5
25 5
26 5
27 5
30 5
32 5
34 5
35 5
36 5
37 5
39 5
40 5
41 5
44 5
46 5
48 5
49 5
50 5
53 5
55 5
56 5
57 5
58 5
59 5
60 5
61 5
62 5
63 5
64 5
65 5
67 5
68 5
69 5
71 5
73 5
74 5
75 5
76 5
78 5
84 5
85 5
86 5
87 5
89 5
91 5
94 5
98 5
99 5
100 5
101 5
103 5
104 5
106 5
107 5
111 5
112 5
115 5
116 5
120 5
121 5
122 5
125 5
126 5
127 5
128 5
129 5
131 5
132 5
133 5
134 5
135 5
137 5
138 5
139 5
140 5
141 5
143 5
144 5
146 5
147 5
148 5
150 5
155 5
161 5
163 5
164 5
166 5
169 5
171 5
174 5
175 5
176 5
177 5
178 5
179 5
180 5
181 5
182 5
184 5
185 5
186 5
188 5
189 5
191 5
192 5
193 5
194 5
195 5
196 5
198 5
199 5
200 5
201 5
202 5
203 5
205 5
206 5
208 5
209 5
210 5
211 5
214 5
217 5
218 5
219 5
220 5
222 5
223 5
224 5
225 5
227 5
230 5
232 5
233 5
234 5
235 5
236 5
237 5
239 5
241 5
244 5
245 5
246 5
247 5
248 5
250 5
253 5
255 5
256 5
257 5
258 5
259 5
260 5
262 5
263 5
264 5
265 5
266 5
267 5
268 5
270 5
271 5
272 5
274 5
275 5
276 5
278 5
280 5
281 5
282 5
283 5
284 5
285 5
288 5
289 5
290 5
291 5
292 5
293 5
294 5
295 5
1 6
2 6
3 6
4 6
5 6
6 6
7 6
8 6
9 6
10 6
11 6
12 6
13 6
14 6
15 6
16 6
17 6
18 6
19 6
20 6
21 6
22 6
23 6
24 6
25 6
26 6
27 6
28 6
29 6
30 6
31 6
32 6
33 6
34 6
35 6
36 6
37 6
38 6
39 6
40 6
41 6
42 6
43 6
44 6
45 6
46 6
47 6
48 6
49 6
50 6
51 6
52 6
53 6
54 6
55 6
56 6
57 6
58 6
59 6
60 6
61 6
62 6
63 6
64 6
65 6
66 6
67 6
68 6
69 6
70 6
71 6
72 6
73 6
74 6
75 6
76 6
77 6
78 6
79 6
80 6
81 6
82 6
83 6
84 6
85 6
86 6
87 6
88 6
89 6
90 6
91 6
92 6
93 6
94 6
95 6
96 6
97 6
98 6
99 6
100 6
101 6
102 6
103 6
104 6
105 6
106 6
107 6
108 6
109 6
110 6
111 6
112 6
113 6
114 6
115 6
116 6
117 6
118 6
119 6
120 6
121 6
122 6
123 6
124 6
125 6
126 6
127 6
128 6
129 6
130 6
131 6
132 6
133 6
134 6
135 6
136 6
137 6
138 6
139 6
140 6
141 6
142 6
143 6
144 6
145 6
146 6
147 6
148 6
149 6
150 6
151 6
152 6
153 6
154 6
155 6
156 6
157 6
158 6
159 6
160 6
161 6
162 6
163 6
164 6
165 6
166 6
167 6
168 6
169 6
170 6
171 6
172 6
173 6
174 6
175 6
176 6
177 6
178 6
179 6
180 6
181 6
182 6
183 6
184 6
185 6
186 6
187 6
188 6
189 6
190 6
191 6
192 6
193 6
194 6
195 6
196 6
197 6
198 6
199 6
200 6
201 6
202 6
203 6
204 6
205 6
206 6
207 6
208 6
209 6
210 6
211 6
212 6
213 6
214 6
215 6
216 6
217 6
218 6
219 6
220 6
221 6
222 6
223 6
224 6
225 6
226 6
227 6
228 6
229 6
230 6
231 6
232 6
233 6
234 6
235 6
236 6
237 6
238 6
239 6
240 6
241 6
242 6
243 6
244 6
245 6
246 6
247 6
248 6
249 6
250 6
251 6
252 6
253 6
254 6
255 6
256 6
257 6
258 6
259 6
260 6
261 6
262 6
263 6
264 6
265 6
266 6
267 6
268 6
269 6
270 6
271 6
272 6
273 6
274 6
275 6
276 6
277 6
278 6
279 6
280 6
281 6
282 6
283 6
284 6
285 6
286 6
287 6
288 6
289 6
290 6
291 6
292 6
293 6
294 6
295 6
1 7
2 7
3 7
4 7
5 7
6 7
7 7
8 7
9 7
10 7
11 7
12 7
13 7
14 7
15 7
16 7
17 7
18 7
19 7
20 7
21 7
22 7
23 7
24 7
25 7
26 7
27 7
28 7
29 7
30 7
31 7
32 7
33 7
34 7
35 7
36 7
37 7
38 7
39 7
40 7
41 7
42 7
43 7
44 7
45 7
46 7
47 7
48 7
49 7
50 7
51 7
52 7
53 7
54 7
55 7
56 7
57 7
58 7
59 7
60 7
61 7
62 7
63 7
64 7
65 7
66 7
67 7
68 7
69 7
70 7
71 7
72 7
73 7
74 7
75 7
76 7
77 7
78 7
79 7
80 7
81 7
82 7
83 7
84 7
85 7
86 7
87 7
88 7
89 7
90 7
91 7
92 7
93 7
94 7
95 7
96 7
97 7
98 7
99 7
100 7
101 7
102 7
103 7
104 7
105 7
106 7
107 7
108 7
109 7
110 7
111 7
112 7
113 7
114 7
115 7
116 7
117 7
118 7
119 7
120 7
121 7
122 7
123 7
124 7
125 7
126 7
127 7
128 7
129 7
130 7
131 7
132 7
133 7
134 7
135 7
136 7
137 7
138 7
139 7
140 7
141 7
142 7
143 7
144 7
145 7
146 7
147 7
148 7
149 7
150 7
151 7
152 7
153 7
154 7
155 7
156 7
157 7
158 7
159 7
160 7
161 7
162 7
163 7
164 7
165 7
166 7
167 7
168 7
169 7
170 7
171 7
172 7
173 7
174 7
175 7
176 7
177 7
178 7
179 7
180 7
181 7
182 7
183 7
184 7
185 7
186 7
187 7
188 7
189 7
190 7
191 7
192 7
193 7
194 7
195 7
196 7
197 7
198 7
199 7
200 7
201 7
202 7
203 7
204 7
205 7
206 7
207 7
208 7
209 7
210 7
211 7
212 7
213 7
214 7
215 7
216 7
217 7
218 7
219 7
220 7
221 7
222 7
223 7
224 7
225 7
226 7
227 7
228 7
229 7
230 7
231 7
232 7
233 7
234 7
235 7
236 7
237 7
238 7
239 7
240 7
241 7
242 7
243 7
244 7
245 7
246 7
247 7
248 7
249 7
250 7
251 7
252 7
253 7
254 7
255 7
256 7
257 7
258 7
259 7
260 7
261 7
262 7
263 7
264 7
265 7
266 7
267 7
268 7
269 7
270 7
271 7
272 7
273 7
274 7
275 7
276 7
277 7
278 7
279 7
280 7
281 7
282 7
283 7
284 7
285 7
286 7
287 7
288 7
289 7
290 7
291 7
292 7
293 7
294 7
295 7
1 8
2 8
6 8
7 8
9 8
10 8
12 8
14 8
15 8
16 8
17 8
18 8
19 8
21 8
23 8
25 8
26 8
27 8
30 8
32 8
34 8
35 8
36 8
37 8
39 8
40 8
41 8
44 8
46 8
48 8
49 8
50 8
53 8
55 8
56 8
57 8
58 8
59 8
60 8
61 8
62 8
63 8
64 8
65 8
67 8
68 8
69 8
71 8
73 8
74 8
75 8
76 8
78 8
84 8
85 8
86 8
87 8
89 8
91 8
94 8
98 8
99 8
100 8
101 8
103 8
104 8
106 8
107 8
111 8
112 8
115 8
116 8
120 8
121 8
122 8
125 8
126 8
127 8
128 8
129 8
131 8
132 8
133 8
134 8
135 8
137 8
138 8
139 8
140 8
141 8
143 8
144 8
146 8
147 8
148 8
150 8
155 8
161 8
163 8
164 8
166 8
169 8
171 8
174 8
175 8
176 8
177 8
178 8
179 8
180 8
181 8
182 8
184 8
185 8
186 8
188 8
189 8
191 8
192 8
193 8
194 8
195 8
196 8
198 8
199 8
200 8
201 8
202 8
203 8
205 8
206 8
208 8
209 8
210 8
211 8
214 8
217 8
218 8
219 8
220 8
222 8
223 8
224 8
225 8
227 8
230 8
232 8
233 8
234 8
235 8
236 8
237 8
239 8
241 8
244 8
245 8
246 8
247 8
248 8
250 8
253 8
255 8
256 8
257 8
258 8
259 8
260 8
262 8
263 8
264 8
265 8
266 8
267 8
268 8
270 8
271 8
272 8
274 8
275 8
276 8
278 8
280 8
281 8
282 8
283 8
284 8
285 8
288 8
289 8
290 8
291 8
292 8
293 8
294 8
295 8
1 9
2 9
3 9
4 9
5 9
6 9
7 9
8 9
9 9
10 9
11 9
12 9
13 9
14 9
15 9
16 9
17 9
18 9
19 9
20 9
21 9
22 9
23 9
24 9
25 9
26 9
27 9
28 9
29 9
30 9
31 9
32 9
33 9
34 9
35 9
36 9
37 9
38 9
39 9
40 9
41 9
42 9
43 9
44 9
45 9
46 9
47 9
48 9
49 9
50 9
51 9
52 9
53 9
54 9
55 9
56 9
57 9
58 9
59 9
60 9
61 9
62 9
63 9
64 9
65 9
66 9
67 9
68 9
69 9
70 9
71 9
72 9
73 9
74 9
75 9
76 9
77 9
78 9
79 9
80 9
81 9
82 9
83 9
84 9
85 9
86 9
87 9
88 9
89 9
90 9
91 9
92 9
93 9
94 9
95 9
96 9
97 9
98 9
99 9
100 9
101 9
102 9
103 9
104 9
105 9
106 9
107 9
108 9
109 9
110 9
111 9
112 9
113 9
114 9
115 9
116 9
117 9
118 9
119 9
120 9
121 9
122 9
123 9
124 9
125 9
126 9
127 9
128 9
129 9
130 9
131 9
132 9
133 9
134 9
135 9
136 9
137 9
138 9
139 9
140 9
141 9
142 9
143 9
144 9
145 9
146 9
147 9
148 9
149 9
150 9
151 9
152 9
153 9
154 9
155 9
156 9
157 9
158 9
159 9
160 9
161 9
162 9
163 9
164 9
165 9
166 9
167 9
168 9
169 9
170 9
171 9
172 9
173 9
174 9
175 9
176 9
177 9
178 9
179 9
180 9
181 9
182 9
183 9
184 9
185 9
186 9
187 9
188 9
189 9
190 9
191 9
192 9
193 9
194 9
195 9
196 9
197 9
198 9
199 9
200 9
201 9
202 9
203 9
204 9
205 9
206 9
207 9
208 9
209 9
210 9
211 9
212 9
213 9
214 9
215 9
216 9
217 9
218 9
219 9
220 9
221 9
222 9
223 9
224 9
225 9
226 9
227 9
228 9
229 9
230 9
231 9
232 9
233 9
234 9
235 9
236 9
237 9
238 9
239 9
240 9
241 9
242 9
243 9
244 9
245 9
246 9
247 9
248 9
249 9
250 9
251 9
252 9
253 9
254 9
255 9
256 9
257 9
258 9
259 9
260 9
261 9
262 9
263 9
264 9
265 9
266 9
267 9
268 9
269 9
270 9
271 9
272 9
273 9
274 9
275 9
276 9
277 9
278 9
279 9
280 9
281 9
282 9
283 9
284 9
285 9
286 9
287 9
288 9
289 9
290 9
291 9
292 9
293 9
294 9
295 9
1 10
2 10
3 10
4 10
5 10
6 10
7 10
8 10
9 10
10 10
11 10
12 10
13 10
14 10
15 10
16 10
17 10
18 10
19 10
20 10
21 10
22 10
23 10
24 10
25 10
26 10
27 10
28 10
29 10
30 10
31 10
32 10
33 10
34 10
35 10
36 10
37 10
38 10
39 10
40 10
41 10
42 10
43 10
44 10
45 10
46 10
47 10
48 10
49 10
50 10
51 10
52 10
53 10
54 10
55 10
56 10
57 10
58 10
59 10
60 10
61 10
62 10
63 10
64 10
65 10
66 10
67 10
68 10
69 10
70 10
71 10
72 10
73 10
74 10
75 10
76 10
77 10
78 10
79 10
80 10
81 10
82 10
83 10
84 10
85 10
86 10
87 10
88 10
89 10
90 10
91 10
92 10
93 10
94 10
95 10
96 10
97 10
98 10
99 10
100 10
101 10
102 10
103 10
104 10
105 10
106 10
107 10
108 10
109 10
110 10
111 10
112 10
113 10
114 10
115 10
116 10
117 10
118 10
119 10
120 10
121 10
122 10
123 10
124 10
125 10
126 10
127 10
128 10
129 10
130 10
131 10
132 10
133 10
134 10
135 10
136 10
137 10
138 10
139 10
140 10
141 10
142 10
143 10
144 10
145 10
146 10
147 10
148 10
149 10
150 10
151 10
152 10
153 10
154 10
155 10
156 10
157 10
158 10
159 10
160 10
161 10
162 10
163 10
164 10
165 10
166 10
167 10
168 10
169 10
170 10
171 10
172 10
173 10
174 10
175 10
176 10
177 10
178 10
179 10
180 10
181 10
182 10
183 10
184 10
185 10
186 10
187 10
188 10
189 10
190 10
191 10
192 10
193 10
194 10
195 10
196 10
197 10
198 10
199 10
200 10
201 10
202 10
203 10
204 10
205 10
206 10
207 10
208 10
209 10
210 10
211 10
212 10
213 10
214 10
215 10
216 10
217 10
218 10
219 10
220 10
221 10
222 10
223 10
224 10
225 10
226 10
227 10
228 10
229 10
230 10
231 10
232 10
233 10
234 10
235 10
236 10
237 10
238 10
239 10
240 10
241 10
242 10
243 10
244 10
245 10
246 10
247 10
248 10
249 10
250 10
251 10
252 10
253 10
254 10
255 10
256 10
257 10
258 10
259 10
260 10
261 10
262 10
263 10
264 10
265 10
266 10
267 10
268 10
269 10
270 10
271 10
272 10
273 10
274 10
275 10
276 10
277 10
278 10
279 10
280 10
281 10
282 10
283 10
284 10
285 10
286 10
287 10
288 10
289 10
290 10
291 10
292 10
293 10
294 10
295 10
1 11
2 11
3 11
4 11
5 11
6 11
7 11
8 11
9 11
10 11
11 11
12 11
13 11
14 11
15 11
16 11
17 11
18 11
19 11
20 11
21 11
22 11
23 11
24 11
25 11
26 11
27 11
28 11
29 11
30 11
31 11
32 11
33 11
34 11
35 11
36 11
37 11
38 11
39 11
40 11
41 11
42 11
43 11
44 11
45 11
46 11
47 11
48 11
49 11
50 11
51 11
52 11
53 11
54 11
55 11
56 11
57 11
58 11
59 11
60 11
61 11
62 11
63 11
64 11
65 11
66 11
67 11
68 11
69 11
70 11
71 11
72 11
73 11
74 11
75 11
76 11
77 11
78 11
79 11
80 11
81 11
82 11
83 11
84 11
85 11
86 11
87 11
88 11
89 11
90 11
91 11
92 11
93 11
94 11
95 11
96 11
97 11
98 11
99 11
100 11
101 11
102 11
103 11
104 11
105 11
106 11
107 11
108 11
109 11
110 11
111 11
112 11
113 11
114 11
115 11
116 11
117 11
118 11
119 11
120 11
121 11
122 11
123 11
124 11
125 11
126 11
127 11
128 11
129 11
130 11
131 11
132 11
133 11
134 11
135 11
136 11
137 11
138 11
139 11
140 11
141 11
142 11
143 11
144 11
145 11
146 11
147 11
148 11
149 11
150 11
151 11
152 11
153 11
154 11
155 11
156 11
157 11
158 11
159 11
160 11
161 11
162 11
163 11
164 11
165 11
166 11
167 11
168 11
169 11
170 11
171 11
172 11
173 11
174 11
175 11
176 11
177 11
178 11
179 11
180 11
181 11
182 11
183 11
184 11
185 11
186 11
187 11
188 11
189 11
190 11
191 11
192 11
193 11
194 11
195 11
196 11
197 11
198 11
199 11
200 11
201 11
202 11
203 11
204 11
205 11
206 11
207 11
208 11
209 11
210 11
211 11
212 11
213 11
214 11
215 11
216 11
217 11
218 11
219 11
220 11
221 11
222 11
223 11
224 11
225 11
226 11
227 11
228 11
229 11
230 11
231 11
232 11
233 11
234 11
235 11
236 11
237 11
238 11
239 11
240 11
241 11
242 11
243 11
244 11
245 11
246 11
247 11
248 11
249 11
250 11
251 11
252 11
253 11
254 11
255 11
256 11
257 11
258 11
259 11
260 11
261 11
262 11
263 11
264 11
265 11
266 11
267 11
268 11
269 11
270 11
271 11
272 11
273 11
274 11
275 11
276 11
277 11
278 11
279 11
280 11
281 11
282 11
283 11
284 11
285 11
286 11
287 11
288 11
289 11
290 11
291 11
292 11
293 11
294 11
295 11
1 12
2 12
3 12
4 12
5 12
6 12
7 12
8 12
9 12
10 12
11 12
12 12
13 12
14 12
15 12
16 12
17 12
18 12
19 12
20 12
21 12
22 12
23 12
24 12
25 12
26 12
27 12
28 12
29 12
30 12
31 12
32 12
33 12
34 12
35 12
36 12
37 12
38 12
39 12
40 12
41 12
42 12
43 12
44 12
45 12
46 12
47 12
48 12
49 12
50 12
51 12
52 12
53 12
54 12
55 12
56 12
57 12
58 12
59 12
60 12
61 12
62 12
63 12
64 12
65 12
66 12
67 12
68 12
69 12
70 12
71 12
72 12
73 12
74 12
75 12
76 12
77 12
78 12
79 12
80 12
81 12
82 12
83 12
84 12
85 12
86 12
87 12
88 12
89 12
90 12
91 12
92 12
93 12
94 12
95 12
96 12
97 12
98 12
99 12
100 12
101 12
102 12
103 12
104 12
105 12
106 12
107 12
108 12
109 12
110 12
111 12
112 12
113 12
114 12
115 12
116 12
117 12
118 12
119 12
120 12
121 12
122 12
123 12
124 12
125 12
126 12
127 12
128 12
129 12
130 12
131 12
132 12
133 12
134 12
135 12
136 12
137 12
138 12
139 12
140 12
141 12
142 12
143 12
144 12
145 12
146 12
147 12
148 12
149 12
150 12
151 12
152 12
153 12
154 12
155 12
156 12
157 12
158 12
159 12
160 12
161 12
162 12
163 12
164 12
165 12
166 12
167 12
168 12
169 12
170 12
171 12
172 12
173 12
174 12
175 12
176 12
177 12
178 12
179 12
180 12
181 12
182 12
183 12
184 12
185 12
186 12
187 12
188 12
189 12
190 12
191 12
192 12
193 12
194 12
195 12
196 12
197 12
198 12
199 12
200 12
201 12
202 12
203 12
204 12
205 12
206 12
207 12
208 12
209 12
210 12
211 12
212 12
213 12
214 12
215 12
216 12
217 12
218 12
219 12
220 12
221 12
222 12
223 12
224 12
225 12
226 12
227 12
228 12
229 12
230 12
231 12
232 12
233 12
234 12
235 12
236 12
237 12
238 12
239 12
240 12
241 12
242 12
243 12
244 12
245 12
246 12
247 12
248 12
249 12
250 12
251 12
252 12
253 12
254 12
255 12
256 12
257 12
258 12
259 12
260 12
261 12
262 12
263 12
264 12
265 12
266 12
267 12
268 12
269 12
270 12
271 12
272 12
273 12
274 12
275 12
276 12
277 12
278 12
279 12
280 12
281 12
282 12
283 12
284 12
285 12
286 12
287 12
288 12
289 12
290 12
291 12
292 12
293 12
294 12
295 12
1 13
2 13
6 13
7 13
9 13
10 13
12 13
14 13
15 13
16 13
17 13
18 13
19 13
21 13
23 13
25 13
26 13
27 13
30 13
32 13
34 13
35 13
36 13
37 13
39 13
40 13
41 13
44 13
46 13
48 13
49 13
50 13
53 13
55 13
56 13
57 13
58 13
59 13
60 13
61 13
62 13
63 13
64 13
65 13
67 13
68 13
69 13
71 13
73 13
74 13
75 13
76 13
78 13
84 13
85 13
86 13
87 13
89 13
91 13
94 13
98 13
99 13
100 13
101 13
103 13
104 13
106 13
107 13
111 13
112 13
115 13
116 13
120 13
121 13
122 13
125 13
126 13
127 13
128 13
129 13
131 13
132 13
133 13
134 13
135 13
137 13
138 13
139 13
140 13
141 13
143 13
144 13
146 13
147 13
148 13
150 13
155 13
161 13
163 13
164 13
166 13
169 13
171 13
174 13
175 13
176 13
177 13
178 13
179 13
180 13
181 13
182 13
184 13
185 13
186 13
188 13
189 13
191 13
192 13
193 13
194 13
195 13
196 13
198 13
199 13
200 13
201 13
202 13
203 13
205 13
206 13
208 13
209 13
210 13
211 13
214 13
217 13
218 13
219 13
220 13
222 13
223 13
224 13
225 13
227 13
230 13
232 13
233 13
234 13
235 13
236 13
237 13
239 13
241 13
244 13
245 13
246 13
247 13
248 13
250 13
253 13
255 13
256 13
257 13
258 13
259 13
260 13
262 13
263 13
264 13
265 13
266 13
267 13
268 13
270 13
271 13
272 13
274 13
275 13
276 13
278 13
280 13
281 13
282 13
283 13
284 13
285 13
288 13
289 13
290 13
291 13
292 13
293 13
294 13
295 13
1 14
7 14
9 14
10 14
12 14
14 14
15 14
16 14
17 14
21 14
25 14
35 14
36 14
37 14
39 14
40 14
41 14
44 14
46 14
48 14
55 14
58 14
60 14
61 14
62 14
63 14
64 14
65 14
68 14
69 14
73 14
74 14
76 14
78 14
84 14
85 14
86 14
87 14
89 14
91 14
94 14
98 14
99 14
100 14
111 14
112 14
115 14
116 14
121 14
122 14
126 14
127 14
128 14
129 14
132 14
135 14
137 14
140 14
148 14
150 14
161 14
163 14
164 14
166 14
171 14
175 14
176 14
177 14
178 14
180 14
185 14
186 14
188 14
189 14
191 14
192 14
193 14
194 14
195 14
196 14
198 14
199 14
200 14
201 14
202 14
208 14
209 14
210 14
211 14
214 14
217 14
218 14
219 14
220 14
222 14
225 14
227 14
230 14
233 14
234 14
236 14
237 14
239 14
241 14
246 14
255 14
257 14
259 14
264 14
265 14
266 14
267 14
271 14
272 14
274 14
276 14
278 14
280 14
281 14
282 14
283 14
288 14
291 14
293 14
294 14
1 15
2 15
6 15
7 15
9 15
10 15
12 15
14 15
15 15
16 15
17 15
18 15
19 15
21 15
23 15
25 15
26 15
27 15
30 15
32 15
34 15
35 15
36 15
37 15
39 15
40 15
41 15
44 15
46 15
48 15
49 15
50 15
53 15
55 15
56 15
57 15
58 15
59 15
60 15
61 15
62 15
63 15
64 15
65 15
67 15
68 15
69 15
71 15
73 15
74 15
75 15
76 15
78 15
84 15
85 15
86 15
87 15
89 15
91 15
94 15
98 15
99 15
100 15
101 15
103 15
104 15
106 15
107 15
111 15
112 15
115 15
116 15
120 15
121 15
122 15
125 15
126 15
127 15
128 15
129 15
131 15
132 15
133 15
134 15
135 15
137 15
138 15
139 15
140 15
141 15
143 15
144 15
146 15
147 15
148 15
150 15
155 15
161 15
163 15
164 15
166 15
169 15
171 15
174 15
175 15
176 15
177 15
178 15
179 15
180 15
181 15
182 15
184 15
185 15
186 15
188 15
189 15
191 15
192 15
193 15
194 15
195 15
196 15
198 15
199 15
200 15
201 15
202 15
203 15
205 15
206 15
208 15
209 15
210 15
211 15
214 15
217 15
218 15
219 15
220 15
222 15
223 15
224 15
225 15
227 15
230 15
232 15
233 15
234 15
235 15
236 15
237 15
239 15
241 15
244 15
245 15
246 15
247 15
248 15
250 15
253 15
255 15
256 15
257 15
258 15
259 15
260 15
262 15
263 15
264 15
265 15
266 15
267 15
268 15
270 15
271 15
272 15
274 15
275 15
276 15
278 15
280 15
281 15
282 15
283 15
284 15
285 15
288 15
289 15
290 15
291 15
292 15
293 15
294 15
295 15
9 16
10 16
36 16
39 16
44 16
58 16
61 16
63 16
65 16
69 16
78 16
84 16
91 16
99 16
121 16
132 16
135 16
137 16
148 16
161 16
178 16
180 16
191 16
193 16
194 16
198 16
200 16
202 16
218 16
219 16
239 16
265 16
272 16
274 16
283 16
1 17
7 17
9 17
10 17
12 17
14 17
15 17
16 17
17 17
21 17
25 17
35 17
36 17
37 17
39 17
40 17
41 17
44 17
46 17
48 17
55 17
58 17
60 17
61 17
62 17
63 17
64 17
65 17
68 17
69 17
73 17
74 17
76 17
78 17
84 17
85 17
86 17
87 17
89 17
91 17
94 17
98 17
99 17
100 17
111 17
112 17
115 17
116 17
121 17
122 17
126 17
127 17
128 17
129 17
132 17
135 17
137 17
140 17
148 17
150 17
161 17
163 17
164 17
166 17
171 17
175 17
176 17
177 17
178 17
180 17
185 17
186 17
188 17
189 17
191 17
192 17
193 17
194 17
195 17
196 17
198 17
199 17
200 17
201 17
202 17
208 17
209 17
210 17
211 17
214 17
217 17
218 17
219 17
220 17
222 17
225 17
227 17
230 17
233 17
234 17
236 17
237 17
239 17
241 17
246 17
255 17
257 17
259 17
264 17
265 17
266 17
267 17
271 17
272 17
274 17
276 17
278 17
280 17
281 17
282 17
283 17
288 17
291 17
293 17
294 17
1 18
7 18
9 18
10 18
12 18
14 18
15 18
16 18
17 18
21 18
25 18
35 18
36 18
37 18
39 18
40 18
41 18
44 18
46 18
48 18
55 18
58 18
60 18
61 18
62 18
63 18
64 18
65 18
68 18
69 18
73 18
74 18
76 18
78 18
84 18
85 18
86 18
87 18
89 18
91 18
94 18
98 18
99 18
100 18
111 18
112 18
115 18
116 18
121 18
122 18
126 18
127 18
128 18
129 18
132 18
135 18
137 18
140 18
148 18
150 18
161 18
163 18
164 18
166 18
171 18
175 18
176 18
177 18
178 18
180 18
185 18
186 18
188 18
189 18
191 18
192 18
193 18
194 18
195 18
196 18
198 18
199 18
200 18
201 18
202 18
208 18
209 18
210 18
211 18
214 18
217 18
218 18
219 18
220 18
222 18
225 18
227 18
230 18
233 18
234 18
236 18
237 18
239 18
241 18
246 18
255 18
257 18
259 18
264 18
265 18
266 18
267 18
271 18
272 18
274 18
276 18
278 18
280 18
281 18
282 18
283 18
288 18
291 18
293 18
294 18
1 19
2 19
6 19
7 19
9 19
10 19
12 19
14 19
15 19
16 19
17 19
18 19
19 19
21 19
23 19
25 19
26 19
27 19
30 19
32 19
34 19
35 19
36 19
37 19
39 19
40 19
41 19
44 19
46 19
48 19
49 19
50 19
53 19
55 19
56 19
57 19
58 19
59 19
60 19
61 19
62 19
63 19
64 19
65 19
67 19
68 19
69 19
71 19
73 19
74 19
75 19
76 19
78 19
84 19
85 19
86 19
87 19
89 19
91 19
94 19
98 19
99 19
100 19
101 19
103 19
104 19
106 19
107 19
111 19
112 19
115 19
116 19
120 19
121 19
122 19
125 19
126 19
127 19
128 19
129 19
131 19
132 19
133 19
134 19
135 19
137 19
138 19
139 19
140 19
141 19
143 19
144 19
146 19
147 19
148 19
150 19
155 19
161 19
163 19
164 19
166 19
169 19
171 19
174 19
175 19
176 19
177 19
178 19
179 19
180 19
181 19
182 19
184 19
185 19
186 19
188 19
189 19
191 19
192 19
193 19
194 19
195 19
196 19
198 19
199 19
200 19
201 19
202 19
203 19
205 19
206 19
208 19
209 19
210 19
211 19
214 19
217 19
218 19
219 19
220 19
222 19
223 19
224 19
225 19
227 19
230 19
232 19
233 19
234 19
235 19
236 19
237 19
239 19
241 19
244 19
245 19
246 19
247 19
248 19
250 19
253 19
255 19
256 19
257 19
258 19
259 19
260 19
262 19
263 19
264 19
265 19
266 19
267 19
268 19
270 19
271 19
272 19
274 19
275 19
276 19
278 19
280 19
281 19
282 19
283 19
284 19
285 19
288 19
289 19
290 19
291 19
292 19
293 19
294 19
295 19
1 20
2 20
6 20
7 20
9 20
10 20
12 20
14 20
15 20
16 20
17 20
18 20
19 20
21 20
23 20
25 20
26 20
27 20
30 20
32 20
34 20
35 20
36 20
37 20
39 20
40 20
41 20
44 20
46 20
48 20
49 20
50 20
53 20
55 20
56 20
57 20
58 20
59 20
60 20
61 20
62 20
63 20
64 20
65 20
67 20
68 20
69 20
71 20
73 20
74 20
75 20
76 20
78 20
84 20
85 20
86 20
87 20
89 20
91 20
94 20
98 20
99 20
100 20
101 20
103 20
104 20
106 20
107 20
111 20
112 20
115 20
116 20
120 20
121 20
122 20
125 20
126 20
127 20
128 20
129 20
131 20
132 20
133 20
134 20
135 20
137 20
138 20
139 20
140 20
141 20
143 20
144 20
146 20
147 20
148 20
150 20
155 20
161 20
163 20
164 20
166 20
169 20
171 20
174 20
175 20
176 20
177 20
178 20
179 20
180 20
181 20
182 20
184 20
185 20
186 20
188 20
189 20
191 20
192 20
193 20
194 20
195 20
196 20
198 20
199 20
200 20
201 20
202 20
203 20
205 20
206 20
208 20
209 20
210 20
211 20
214 20
217 20
218 20
219 20
220 20
222 20
223 20
224 20
225 20
227 20
230 20
232 20
233 20
234 20
235 20
236 20
237 20
239 20
241 20
244 20
245 20
246 20
247 20
248 20
250 20
253 20
255 20
256 20
257 20
258 20
259 20
260 20
262 20
263 20
264 20
265 20
266 20
267 20
268 20
270 20
271 20
272 20
274 20
275 20
276 20
278 20
280 20
281 20
282 20
283 20
284 20
285 20
288 20
289 20
290 20
291 20
292 20
293 20
294 20
295 20
1 21
7 21
9 21
10 21
12 21
14 21
15 21
16 21
17 21
21 21
25 21
35 21
36 21
37 21
39 21
40 21
41 21
44 21
46 21
48 21
55 21
58 21
60 21
61 21
62 21
63 21
64 21
65 21
68 21
69 21
73 21
74 21
76 21
78 21
84 21
85 21
86 21
87 21
89 21
91 21
94 21
98 21
99 21
100 21
111 21
112 21
115 21
116 21
121 21
122 21
126 21
127 21
128 21
129 21
132 21
135 21
137 21
140 21
148 21
150 21
161 21
163 21
164 21
166 21
171 21
175 21
176 21
177 21
178 21
180 21
185 21
186 21
188 21
189 21
191 21
192 21
193 21
194 21
195 21
196 21
198 21
199 21
200 21
201 21
202 21
208 21
209 21
210 21
211 21
214 21
217 21
218 21
219 21
220 21
222 21
225 21
227 21
230 21
233 21
234 21
236 21
237 21
239 21
241 21
246 21
255 21
257 21
259 21
264 21
265 21
266 21
267 21
271 21
272 21
274 21
276 21
278 21
280 21
281 21
282 21
283 21
288 21
291 21
293 21
294 21
1 22
2 22
3 22
4 22
5 22
6 22
7 22
8 22
9 22
10 22
11 22
12 22
13 22
14 22
15 22
16 22
17 22
18 22
19 22
20 22
21 22
22 22
23 22
24 22
25 22
26 22
27 22
28 22
29 22
30 22
31 22
32 22
33 22
34 22
35 22
36 22
37 22
38 22
39 22
40 22
41 22
42 22
43 22
44 22
45 22
46 22
47 22
48 22
49 22
50 22
51 22
52 22
53 22
54 22
55 22
56 22
57 22
58 22
59 22
60 22
61 22
62 22
63 22
64 22
65 22
66 22
67 22
68 22
69 22
70 22
71 22
72 22
73 22
74 22
75 22
76 22
77 22
78 22
79 22
80 22
81 22
82 22
83 22
84 22
85 22
86 22
87 22
88 22
89 22
90 22
91 22
92 22
93 22
94 22
95 22
96 22
97 22
98 22
99 22
100 22
101 22
102 22
103 22
104 22
105 22
106 22
107 22
108 22
109 22
110 22
111 22
112 22
113 22
114 22
115 22
116 22
117 22
118 22
119 22
120 22
121 22
122 22
123 22
124 22
125 22
126 22
127 22
128 22
129 22
130 22
131 22
132 22
133 22
134 22
135 22
136 22
137 22
138 22
139 22
140 22
141 22
142 22
143 22
144 22
145 22
146 22
147 22
148 22
149 22
150 22
151 22
152 22
153 22
154 22
155 22
156 22
157 22
158 22
159 22
160 22
161 22
162 22
163 22
164 22
165 22
166 22
167 22
168 22
169 22
170 22
171 22
172 22
173 22
174 22
175 22
176 22
177 22
178 22
179 22
180 22
181 22
182 22
183 22
184 22
185 22
186 22
187 22
188 22
189 22
190 22
191 22
192 22
193 22
194 22
195 22
196 22
197 22
198 22
199 22
200 22
201 22
202 22
203 22
204 22
205 22
206 22
207 22
208 22
209 22
210 22
211 22
212 22
213 22
214 22
215 22
216 22
217 22
218 22
219 22
220 22
221 22
222 22
223 22
224 22
225 22
226 22
227 22
228 22
229 22
230 22
231 22
232 22
233 22
234 22
235 22
236 22
237 22
238 22
239 22
240 22
241 22
242 22
243 22
244 22
245 22
246 22
247 22
248 22
249 22
250 22
251 22
252 22
253 22
254 22
255 22
256 22
257 22
258 22
259 22
260 22
261 22
262 22
263 22
264 22
265 22
266 22
267 22
268 22
269 22
270 22
271 22
272 22
273 22
274 22
275 22
276 22
277 22
278 22
279 22
280 22
281 22
282 22
283 22
284 22
285 22
286 22
287 22
288 22
289 22
290 22
291 22
292 22
293 22
294 22
295 22
1 23
2 23
3 23
4 23
5 23
6 23
7 23
8 23
9 23
10 23
11 23
12 23
13 23
14 23
15 23
16 23
17 23
18 23
19 23
20 23
21 23
22 23
23 23
24 23
25 23
26 23
27 23
28 23
29 23
30 23
31 23
32 23
33 23
34 23
35 23
36 23
37 23
38 23
39 23
40 23
41 23
42 23
43 23
44 23
45 23
46 23
47 23
48 23
49 23
50 23
51 23
52 23
53 23
54 23
55 23
56 23
57 23
58 23
59 23
60 23
61 23
62 23
63 23
64 23
65 23
66 23
67 23
68 23
69 23
70 23
71 23
72 23
73 23
74 23
75 23
76 23
77 23
78 23
79 23
80 23
81 23
82 23
83 23
84 23
85 23
86 23
87 23
88 23
89 23
90 23
91 23
92 23
93 23
94 23
95 23
96 23
97 23
98 23
99 23
100 23
101 23
102 23
103 23
104 23
105 23
106 23
107 23
108 23
109 23
110 23
111 23
112 23
113 23
114 23
115 23
116 23
117 23
118 23
119 23
120 23
121 23
122 23
123 23
124 23
125 23
126 23
127 23
128 23
129 23
130 23
131 23
132 23
133 23
134 23
135 23
136 23
137 23
138 23
139 23
140 23
141 23
142 23
143 23
144 23
145 23
146 23
147 23
148 23
149 23
150 23
151 23
152 23
153 23
154 23
155 23
156 23
157 23
158 23
159 23
160 23
161 23
162 23
163 23
164 23
165 23
166 23
167 23
168 23
169 23
170 23
171 23
172 23
173 23
174 23
175 23
176 23
177 23
178 23
179 23
180 23
181 23
182 23
183 23
184 23
185 23
186 23
187 23
188 23
189 23
190 23
191 23
192 23
193 23
194 23
195 23
196 23
197 23
198 23
199 23
200 23
201 23
202 23
203 23
204 23
205 23
206 23
207 23
208 23
209 23
210 23
211 23
212 23
213 23
214 23
215 23
216 23
217 23
218 23
219 23
220 23
221 23
222 23
223 23
224 23
225 23
226 23
227 23
228 23
229 23
230 23
231 23
232 23
233 23
234 23
235 23
236 23
237 23
238 23
239 23
240 23
241 23
242 23
243 23
244 23
245 23
246 23
247 23
248 23
249 23
250 23
251 23
252 23
253 23
254 23
255 23
256 23
257 23
258 23
259 23
260 23
261 23
262 23
263 23
264 23
265 23
266 23
267 23
268 23
269 23
270 23
271 23
272 23
273 23
274 23
275 23
276 23
277 23
278 23
279 23
280 23
281 23
282 23
283 23
284 23
285 23
286 23
287 23
288 23
289 23
290 23
291 23
292 23
293 23
294 23
295 23
1 24
7 24
9 24
10 24
17 24
36 24
39 24
40 24
44 24
58 24
60 24
61 24
62 24
63 24
64 24
65 24
69 24
74 24
76 24
78 24
84 24
85 24
86 24
87 24
91 24
94 24
98 24
99 24
112 24
121 24
126 24
132 24
135 24
137 24
148 24
150 24
161 24
163 24
166 24
171 24
175 24
177 24
178 24
180 24
186 24
188 24
191 24
192 24
193 24
194 24
198 24
200 24
201 24
202 24
209 24
210 24
211 24
214 24
218 24
219 24
220 24
230 24
233 24
236 24
239 24
257 24
259 24
265 24
266 24
271 24
272 24
274 24
278 24
283 24
288 24
1 25
7 25
9 25
10 25
17 25
36 25
39 25
40 25
44 25
58 25
60 25
61 25
62 25
63 25
64 25
65 25
69 25
74 25
76 25
78 25
84 25
85 25
86 25
87 25
91 25
94 25
98 25
99 25
112 25
121 25
126 25
132 25
135 25
137 25
148 25
150 25
161 25
163 25
166 25
171 25
175 25
177 25
178 25
180 25
186 25
188 25
191 25
192 25
193 25
194 25
198 25
200 25
201 25
202 25
209 25
210 25
211 25
214 25
218 25
219 25
220 25
230 25
233 25
236 25
239 25
257 25
259 25
265 25
266 25
271 25
272 25
274 25
278 25
283 25
288 25
1 26
7 26
9 26
10 26
12 26
14 26
15 26
16 26
17 26
21 26
25 26
35 26
36 26
37 26
39 26
40 26
41 26
44 26
46 26
48 26
55 26
58 26
60 26
61 26
62 26
63 26
64 26
65 26
68 26
69 26
73 26
74 26
76 26
78 26
84 26
85 26
86 26
87 26
89 26
91 26
94 26
98 26
99 26
100 26
111 26
112 26
115 26
116 26
121 26
122 26
126 26
127 26
128 26
129 26
132 26
135 26
137 26
140 26
148 26
150 26
161 26
163 26
164 26
166 26
171 26
175 26
176 26
177 26
178 26
180 26
185 26
186 26
188 26
189 26
191 26
192 26
193 26
194 26
195 26
196 26
198 26
199 26
200 26
201 26
202 26
208 26
209 26
210 26
211 26
214 26
217 26
218 26
219 26
220 26
222 26
225 26
227 26
230 26
233 26
234 26
236 26
237 26
239 26
241 26
246 26
255 26
257 26
259 26
264 26
265 26
266 26
267 26
271 26
272 26
274 26
276 26
278 26
280 26
281 26
282 26
283 26
288 26
291 26
293 26
294 26
1 27
7 27
9 27
10 27
17 27
36 27
39 27
40 27
44 27
58 27
60 27
61 27
62 27
63 27
64 27
65 27
69 27
74 27
76 27
78 27
84 27
85 27
86 27
87 27
91 27
94 27
98 27
99 27
112 27
121 27
126 27
132 27
135 27
137 27
148 27
150 27
161 27
163 27
166 27
171 27
175 27
177 27
178 27
180 27
186 27
188 27
191 27
192 27
193 27
194 27
198 27
200 27
201 27
202 27
209 27
210 27
211 27
214 27
218 27
219 27
220 27
230 27
233 27
236 27
239 27
257 27
259 27
265 27
266 27
271 27
272 27
274 27
278 27
283 27
288 27
1 28
2 28
3 28
4 28
5 28
6 28
7 28
8 28
9 28
10 28
11 28
12 28
13 28
14 28
15 28
16 28
17 28
18 28
19 28
20 28
21 28
22 28
23 28
24 28
25 28
26 28
27 28
28 28
29 28
30 28
31 28
32 28
33 28
34 28
35 28
36 28
37 28
38 28
39 28
40 28
41 28
42 28
43 28
44 28
45 28
46 28
47 28
48 28
49 28
50 28
51 28
52 28
53 28
54 28
55 28
56 28
57 28
58 28
59 28
60 28
61 28
62 28
63 28
64 28
65 28
66 28
67 28
68 28
69 28
70 28
71 28
72 28
73 28
74 28
75 28
76 28
77 28
78 28
79 28
80 28
81 28
82 28
83 28
84 28
85 28
86 28
87 28
88 28
89 28
90 28
91 28
92 28
93 28
94 28
95 28
96 28
97 28
98 28
99 28
100 28
101 28
102 28
103 28
104 28
105 28
106 28
107 28
108 28
109 28
110 28
111 28
112 28
113 28
114 28
115 28
116 28
117 28
118 28
119 28
120 28
121 28
122 28
123 28
124 28
125 28
126 28
127 28
128 28
129 28
130 28
131 28
132 28
133 28
134 28
135 28
136 28
137 28
138 28
139 28
140 28
141 28
142 28
143 28
144 28
145 28
146 28
147 28
148 28
149 28
150 28
151 28
152 28
153 28
154 28
155 28
156 28
157 28
158 28
159 28
160 28
161 28
162 28
163 28
164 28
165 28
166 28
167 28
168 28
169 28
170 28
171 28
172 28
173 28
174 28
175 28
176 28
177 28
178 28
179 28
180 28
181 28
182 28
183 28
184 28
185 28
186 28
187 28
188 28
189 28
190 28
191 28
192 28
193 28
194 28
195 28
196 28
197 28
198 28
199 28
200 28
201 28
202 28
203 28
204 28
205 28
206 28
207 28
208 28
209 28
210 28
211 28
212 28
213 28
214 28
215 28
216 28
217 28
218 28
219 28
220 28
221 28
222 28
223 28
224 28
225 28
226 28
227 28
228 28
229 28
230 28
231 28
232 28
233 28
234 28
235 28
236 28
237 28
238 28
239 28
240 28
241 28
242 28
243 28
244 28
245 28
246 28
247 28
248 28
249 28
250 28
251 28
252 28
253 28
254 28
255 28
256 28
257 28
258 28
259 28
260 28
261 28
262 28
263 28
264 28
265 28
266 28
267 28
268 28
269 28
270 28
271 28
272 28
273 28
274 28
275 28
276 28
277 28
278 28
279 28
280 28
281 28
282 28
283 28
284 28
285 28
286 28
287 28
288 28
289 28
290 28
291 28
292 28
293 28
294 28
295 28
1 29
2 29
6 29
7 29
9 29
10 29
12 29
14 29
15 29
16 29
17 29
18 29
19 29
21 29
23 29
25 29
26 29
27 29
30 29
32 29
34 29
35 29
36 29
37 29
39 29
40 29
41 29
44 29
46 29
48 29
49 29
50 29
53 29
55 29
56 29
57 29
58 29
59 29
60 29
61 29
62 29
63 29
64 29
65 29
67 29
68 29
69 29
71 29
73 29
74 29
75 29
76 29
78 29
84 29
85 29
86 29
87 29
89 29
91 29
94 29
98 29
99 29
100 29
101 29
103 29
104 29
106 29
107 29
111 29
112 29
115 29
116 29
120 29
121 29
122 29
125 29
126 29
127 29
128 29
129 29
131 29
132 29
133 29
134 29
135 29
137 29
138 29
139 29
140 29
141 29
143 29
144 29
146 29
147 29
148 29
150 29
155 29
161 29
163 29
164 29
166 29
169 29
171 29
174 29
175 29
176 29
177 29
178 29
179 29
180 29
181 29
182 29
184 29
185 29
186 29
188 29
189 29
191 29
192 29
193 29
194 29
195 29
196 29
198 29
199 29
200 29
201 29
202 29
203 29
205 29
206 29
208 29
209 29
210 29
211 29
214 29
217 29
218 29
219 29
220 29
222 29
223 29
224 29
225 29
227 29
230 29
232 29
233 29
234 29
235 29
236 29
237 29
239 29
241 29
244 29
245 29
246 29
247 29
248 29
250 29
253 29
255 29
256 29
257 29
258 29
259 29
260 29
262 29
263 29
264 29
265 29
266 29
267 29
268 29
270 29
271 29
272 29
274 29
275 29
276 29
278 29
280 29
281 29
282 29
283 29
284 29
285 29
288 29
289 29
290 29
291 29
292 29
293 29
294 29
295 29
1 30
2 30
6 30
7 30
9 30
10 30
12 30
14 30
15 30
16 30
17 30
18 30
19 30
21 30
23 30
25 30
26 30
27 30
30 30
32 30
34 30
35 30
36 30
37 30
39 30
40 30
41 30
44 30
46 30
48 30
49 30
50 30
53 30
55 30
56 30
57 30
58 30
59 30
60 30
61 30
62 30
63 30
64 30
65 30
67 30
68 30
69 30
71 30
73 30
74 30
75 30
76 30
78 30
84 30
85 30
86 30
87 30
89 30
91 30
94 30
98 30
99 30
100 30
101 30
103 30
104 30
106 30
107 30
111 30
112 30
115 30
116 30
120 30
121 30
122 30
125 30
126 30
127 30
128 30
129 30
131 30
132 30
133 30
134 30
135 30
137 30
138 30
139 30
140 30
141 30
143 30
144 30
146 30
147 30
148 30
150 30
155 30
161 30
163 30
164 30
166 30
169 30
171 30
174 30
175 30
176 30
177 30
178 30
179 30
180 30
181 30
182 30
184 30
185 30
186 30
188 30
189 30
191 30
192 30
193 30
194 30
195 30
196 30
198 30
199 30
200 30
201 30
202 30
203 30
205 30
206 30
208 30
209 30
210 30
211 30
214 30
217 30
218 30
219 30
220 30
222 30
223 30
224 30
225 30
227 30
230 30
232 30
233 30
234 30
235 30
236 30
237 30
239 30
241 30
244 30
245 30
246 30
247 30
248 30
250 30
253 30
255 30
256 30
257 30
258 30
259 30
260 30
262 30
263 30
264 30
265 30
266 30
267 30
268 30
270 30
271 30
272 30
274 30
275 30
276 30
278 30
280 30
281 30
282 30
283 30
284 30
285 30
288 30
289 30
290 30
291 30
292 30
293 30
294 30
295 30
